0	15
10	1
20	2
30	3
40	4
50	5
60	6
70	7
80	8
90	9
100	10
110	11
120	12
130	13
140	14
150	15
160	15
170	15
180	15
190	15
200	15
210	15
220	15
230	15
240	15
250	15
260	15
270	15
280	15
290	15
300	15
310	15
320	16
330	17
340	18
350	19
360	20
370	21
380	22
390	23
400	24
410	25
420	26
430	27
440	28
450	29
460	30
470	31
480	32
490	33
500	34
510	35
520	36
530	37
540	38
550	39
560	40
570	41
580	42
590	43
600	44
610	45
620	46
630	47
640	48
650	49
660	49
670	49
680	49
690	49
700	49
710	49
720	49
730	49
740	49
750	49
760	49
770	49
780	49
790	49
800	49
810	49
820	49
830	49
840	49
850	49
860	49
870	49
880	49
890	49
900	49
910	49
920	49
930	49
940	49
950	49
960	49
970	49
980	49
990	49
1000	49
1010	48
1020	47
1030	46
1040	45
1050	44
1060	43
1070	42
1080	41
1090	40
1100	39
1110	38
1120	37
1130	36
1140	35
1150	34
1160	33
1170	32
1180	31
1190	30
1200	29
1210	28
1220	27
1230	26
1240	25
1250	24
1260	23
1270	22
1280	21
1290	20
1300	19
1310	18
1320	17
1330	16
1340	15
1350	14
1360	13
1370	12
1380	11
1390	10
1400	9
1410	8
1420	7
1430	6
1440	5
1450	5
1460	5
1470	5
1480	5
1490	5
1500	5
1510	5
1520	5
1530	5
1540	5
1550	5
1560	6
1570	7
1580	8
1590	9
1600	10
1610	11
1620	12
1630	13
1640	14
1650	15
1660	16
1670	17
1680	18
1690	19
1700	20
1710	20
1720	20
1730	20
1740	20
1750	20
1760	20
1770	20
1780	20
1790	20
1800	20
1810	20
1820	20
1830	20
1840	20
1850	20
1860	20
1870	20
1880	20
1890	20
1900	20
1910	20
1920	20
1930	20
1940	20
1950	20
1960	20
1970	20
1980	21
1990	22
2000	23
2010	24
2020	25
2030	26
2040	27
2050	28
2060	29
2070	30
2080	31
2090	32
2100	33
2110	34
2120	35
2130	36
2140	37
2150	38
2160	39
2170	39
2180	39
2190	39
2200	39
2210	39
2220	39
2230	39
2240	39
2250	39
2260	39
2270	39
2280	39
2290	39
2300	39
2310	39
2320	39
2330	39
2340	39
2350	39
2360	39
2370	39
2380	39
2390	39
2400	39
2410	39
2420	39
2430	39
2440	39
2450	39
2460	39
2470	39
2480	39
2490	39
2500	39
2510	39
2520	39
2530	39
2540	39
2550	39
2560	38
2570	37
2580	36
2590	35
2600	34
2610	33
2620	32
2630	31
2640	30
2650	29
2660	28
2670	27
2680	26
2690	25
2700	24
2710	23
2720	22
2730	21
2740	20
2750	19
2760	18
2770	17
2780	16
2790	15
2800	15
2810	15
2820	15
2830	15
2840	15
2850	15
2860	15
2870	15
2880	15
2890	15
2900	15
2910	15
2920	15
2930	15
2940	15
2950	15
2960	15
2970	15
2980	15
2990	15
3000	15
3010	15
3020	15
3030	15
3040	15
3050	15
3060	15
3070	15
3080	15
3090	15
3100	15
3110	16
3120	17
3130	18
3140	19
3150	20
3160	21
3170	22
3180	23
3190	24
3200	25
3210	26
3220	27
3230	28
3240	29
3250	30
3260	31
3270	32
3280	33
3290	34
3300	35
3310	36
3320	37
3330	38
3340	39
3350	40
3360	41
3370	42
3380	43
3390	44
3400	45
3410	46
3420	47
3430	48
3440	49
3450	50
3460	51
3470	52
3480	53
3490	54
3500	55
3510	56
3520	57
3530	58
3540	59
3550	60
3560	61
3570	62
3580	63
3590	64
3600	65
3610	66
3620	67
3630	68
3640	69
3650	69
3660	69
3670	69
3680	69
3690	69
3700	69
3710	69
3720	69
3730	69
3740	69
3750	69
3760	69
3770	69
3780	69
3790	69
3800	69
3810	69
3820	69
3830	69
3840	69
3850	69
3860	69
3870	69
3880	69
3890	69
3900	69
3910	69
3920	69
3930	69
3940	69
3950	69
3960	69
3970	69
3980	69
3990	69
4000	69
4010	69
4020	69
4030	69
4040	69
4050	69
4060	69
4070	69
4080	69
4090	69
4100	69
4110	69
4120	69
4130	69
4140	69
4150	69
4160	69
4170	69
4180	69
4190	69
4200	69
4210	69
4220	69
4230	69
4240	69
4250	69
4260	69
4270	69
4280	69
4290	69
4300	69
4310	69
4320	69
4330	69
4340	69
4350	69
4360	69
4370	69
4380	69
4390	69
4400	69
4410	69
4420	69
4430	69
4440	69
4450	69
4460	69
4470	69
4480	69
4490	69
4500	69
4510	69
4520	69
4530	69
4540	69
4550	69
4560	69
4570	69
4580	69
4590	69
4600	69
4610	70
4620	71
4630	72
4640	73
4650	74
4660	75
4670	76
4680	77
4690	78
4700	79
4710	80
4720	81
4730	82
4740	83
4750	84
4760	85
4770	86
4780	87
4790	88
4800	89
4810	90
4820	91
4830	92
4840	93
4850	94
4860	95
4870	96
4880	97
4890	98
4900	99
4910	100
4920	101
4930	102
4940	103
4950	104
4960	105
4970	106
4980	106
4990	106
5000	106
5010	106
5020	106
5030	106
5040	106
5050	106
5060	106
5070	106
5080	106
5090	106
5100	106
5110	106
5120	106
5130	106
5140	106
5150	106
5160	106
5170	106
5180	106
5190	106
5200	106
5210	106
5220	106
5230	106
5240	106
5250	106
5260	106
5270	106
5280	106
5290	106
5300	106
5310	106
5320	106
5330	106
5340	106
5350	106
5360	106
5370	106
5380	106
5390	106
5400	106
5410	106
5420	106
5430	106
5440	106
5450	106
5460	106
5470	106
5480	106
5490	106
5500	106
5510	106
5520	106
5530	106
5540	106
5550	106
5560	106
5570	106
5580	106
5590	106
5600	106
5610	106
5620	106
5630	106
5640	106
5650	106
5660	106
5670	106
5680	106
5690	106
5700	106
5710	106
5720	106
5730	106
5740	106
5750	105
5760	104
5770	103
5780	102
5790	101
5800	100
5810	99
5820	98
5830	97
5840	96
5850	95
5860	94
5870	93
5880	92
5890	91
5900	90
5910	89
5920	88
5930	87
5940	86
5950	85
5960	84
5970	83
5980	82
5990	81
6000	80
6010	79
6020	78
6030	77
6040	76
6050	75
6060	74
6070	73
6080	72
6090	71
6100	70
6110	69
6120	68
6130	67
6140	66
6150	65
6160	64
6170	63
6180	62
6190	61
6200	60
6210	59
6220	58
6230	57
6240	56
6250	55
6260	54
6270	53
6280	52
6290	51
6300	50
6310	49
6320	48
6330	47
6340	46
6350	45
6360	44
6370	43
6380	42
6390	41
6400	40
6410	39
6420	38
6430	37
6440	36
6450	35
6460	34
6470	33
6480	32
6490	31
6500	30
6510	29
6520	28
6530	27
6540	26
6550	25
6560	24
6570	23
6580	22
6590	21
6600	20
6610	19
6620	18
6630	17
6640	16
6650	15
6660	14
6670	13
6680	12
6690	11
6700	10
6710	9
6720	8
6730	7
6740	6
6750	5
6760	4
6770	3
6780	2
6790	1
6800	0
6810	0
6820	1
6830	2
6840	3
6850	4
6860	5
6870	6
6880	7
6890	8
6900	9
6910	10
6920	11
6930	12
6940	13
6950	14
6960	15
6970	16
6980	17
6990	18
7000	19
7010	20
7020	21
7030	22
7040	23
7050	24
7060	25
7070	26
7080	27
7090	28
7100	29
7110	30
7120	31
7130	32
7140	33
7150	34
7160	35
7170	36
7180	37
7190	38
7200	39
7210	40
7220	41
7230	42
7240	43
7250	44
7260	45
7270	46
7280	47
7290	48
7300	49
7310	50
7320	51
7330	52
7340	53
7350	54
7360	55
7370	56
7380	57
7390	58
7400	59
7410	60
7420	61
7430	62
7440	63
7450	64
7460	65
7470	66
7480	67
7490	68
7500	69
7510	70
7520	71
7530	72
7540	73
7550	74
7560	75
7570	76
7580	77
7590	78
7600	79
7610	80
7620	81
7630	82
7640	83
7650	84
7660	85
7670	86
7680	87
7690	88
7700	89
7710	90
7720	91
7730	92
7740	93
7750	94
7760	95
7770	96
7780	97
7790	98
7800	99
7810	100
7820	101
7830	102
7840	103
7850	104
7860	105
7870	106
7880	107
7890	108
7900	109
7910	110
7920	111
7930	112
7940	113
7950	114
7960	115
7970	116
7980	117
7990	118
8000	119
8010	120
8020	121
8030	122
8040	123
8050	124
8060	125
8070	126
8080	127
8090	128
8100	129
8110	130
8120	131
8130	132
8140	133
8150	134
8160	135
8170	136
8180	137
8190	138
8200	139
8210	140
8220	141
8230	142
8240	143
8250	144
8260	145
8270	146
8280	147
8290	148
8300	149
8310	150
8320	151
8330	152
8340	153
8350	154
8360	155
8370	156
8380	157
8390	158
8400	159
8410	160
8420	161
8430	162
8440	163
8450	164
8460	165
8470	166
8480	167
8490	168
8500	169
8510	170
8520	171
8530	172
8540	173
8550	174
8560	175
8570	176
8580	177
8590	178
8600	179
8610	180
8620	181
8630	182
8640	183
8650	184
8660	185
8670	186
8680	187
8690	188
8700	189
8710	190
8720	191
8730	192
8740	193
8750	194
8760	195
8770	196
8780	197
8790	198
8800	199
8810	200
8820	201
8830	202
8840	203
8850	204
8860	205
8870	206
8880	207
8890	208
8900	209
8910	210
8920	211
8930	212
8940	213
8950	214
8960	215
8970	216
8980	217
8990	218
9000	219
9010	220
9020	221
9030	222
9040	223
9050	224
9060	225
9070	226
9080	227
9090	228
9100	229
9110	230
9120	231
9130	232
9140	233
9150	234
9160	235
9170	236
9180	237
9190	238
9200	239
9210	240
9220	241
9230	242
9240	243
9250	244
9260	244
9270	244
9280	244
9290	244
9300	244
9310	244
9320	244
9330	244
9340	244
9350	244
9360	244
9370	244
9380	244
9390	244
9400	244
9410	244
9420	244
9430	244
9440	244
9450	244
9460	244
9470	244
9480	244
9490	244
9500	244
9510	244
9520	244
9530	243
9540	242
9550	241
9560	240
9570	239
9580	238
9590	237
9600	236
9610	235
9620	234
9630	233
9640	232
9650	231
9660	230
9670	229
9680	228
9690	227
9700	226
9710	225
9720	224
9730	223
9740	222
9750	221
9760	220
9770	219
9780	218
9790	217
9800	216
9810	215
9820	214
9830	213
9840	212
9850	211
9860	210
9870	209
9880	208
9890	207
9900	206
9910	205
9920	204
9930	203
9940	202
9950	201
9960	200
9970	199
9980	198
9990	197
10000	196
10010	195
10020	194
10030	193
10040	192
10050	191
10060	190
10070	189
10080	188
10090	187
10100	186
10110	185
10120	184
10130	183
10140	182
10150	181
10160	180
10170	179
10180	178
10190	177
10200	176
10210	175
10220	174
10230	173
10240	172
10250	171
10260	170
10270	169
10280	168
10290	167
10300	166
10310	165
10320	164
10330	163
10340	162
10350	161
10360	160
10370	159
10380	158
10390	157
10400	156
10410	155
10420	154
10430	153
10440	152
10450	151
10460	150
10470	149
10480	148
10490	147
10500	146
10510	145
10520	144
10530	143
10540	142
10550	141
10560	140
10570	139
10580	138
10590	137
10600	136
10610	135
10620	134
10630	133
10640	132
10650	131
10660	130
10670	129
10680	128
10690	127
10700	126
10710	125
10720	124
10730	123
10740	122
10750	121
10760	120
10770	119
10780	118
10790	117
10800	116
10810	115
10820	114
10830	113
10840	112
10850	111
10860	110
10870	109
10880	108
10890	107
10900	106
10910	105
10920	104
10930	103
10940	102
10950	101
10960	100
10970	99
10980	98
10990	97
11000	96
11010	95
11020	94
11030	93
11040	92
11050	91
11060	90
11070	89
11080	88
11090	87
11100	86
11110	85
11120	84
11130	83
11140	82
11150	81
11160	80
11170	79
11180	78
11190	77
11200	76
11210	75
11220	74
11230	73
11240	72
11250	71
11260	70
11270	69
11280	68
11290	67
11300	66
11310	65
11320	64
11330	63
11340	62
11350	61
11360	60
11370	59
11380	58
11390	57
11400	56
11410	55
11420	54
11430	53
11440	52
11450	51
11460	50
11470	49
11480	48
11490	47
11500	46
11510	45
11520	44
11530	43
11540	42
11550	41
11560	40
11570	39
11580	38
11590	37
11600	36
11610	35
11620	34
11630	33
11640	32
11650	31
11660	30
11670	29
11680	28
11690	27
11700	26
11710	25
11720	24
11730	23
11740	23
11750	23
11760	23
11770	23
11780	23
11790	23
11800	23
11810	23
11820	23
11830	23
11840	23
11850	23
11860	23
11870	23
11880	23
11890	23
11900	23
11910	23
11920	23
11930	23
11940	23
11950	23
11960	23
11970	23
11980	23
11990	23
12000	23
12010	23
12020	23
12030	23
12040	23
12050	23
12060	23
12070	23
12080	23
12090	23
12100	23
12110	23
12120	23
12130	23
12140	23
12150	23
12160	23
12170	23
12180	23
12190	23
12200	23
12210	24
12220	25
12230	26
12240	27
12250	28
12260	29
12270	30
12280	31
12290	32
12300	33
12310	34
12320	35
12330	36
12340	37
12350	38
12360	39
12370	40
12380	40
12390	40
12400	40
12410	40
12420	40
12430	40
12440	40
12450	40
12460	40
12470	40
12480	40
12490	40
12500	40
12510	40
12520	40
12530	40
12540	40
12550	40
12560	40
12570	40
12580	40
12590	40
12600	40
12610	40
12620	40
12630	40
12640	40
12650	40
12660	40
12670	40
12680	40
12690	40
12700	40
12710	40
12720	40
12730	40
12740	40
12750	40
12760	40
12770	40
12780	40
12790	40
12800	40
12810	40
12820	40
12830	40
12840	40
12850	40
12860	40
12870	40
12880	40
12890	40
12900	40
12910	40
12920	40
12930	40
12940	40
12950	40
12960	40
12970	40
12980	39
12990	38
13000	37
13010	36
13020	35
13030	34
13040	33
13050	32
13060	32
13070	32
13080	32
13090	32
13100	32
13110	32
13120	32
13130	32
13140	32
13150	32
13160	32
13170	32
13180	32
13190	32
13200	32
13210	32
13220	32
13230	32
13240	32
13250	32
13260	32
13270	32
13280	32
13290	32
13300	32
13310	32
13320	32
13330	32
13340	32
13350	32
13360	32
13370	32
13380	32
13390	32
13400	32
13410	32
13420	32
13430	32
13440	32
13450	32
13460	32
13470	32
13480	32
13490	32
13500	32
13510	32
13520	32
13530	32
13540	32
13550	32
13560	32
13570	32
13580	32
13590	32
13600	32
13610	32
13620	32
13630	31
13640	30
13650	29
13660	28
13670	27
13680	26
13690	25
13700	24
13710	23
13720	22
13730	22
13740	22
13750	22
13760	22
13770	22
13780	22
13790	22
13800	22
13810	22
13820	22
13830	22
13840	22
13850	22
13860	22
13870	22
13880	22
13890	22
13900	22
13910	22
13920	22
13930	22
13940	22
13950	22
13960	22
13970	22
13980	22
13990	22
14000	22
14010	22
14020	22
14030	22
14040	22
14050	22
14060	22
14070	22
14080	22
14090	22
14100	22
14110	22
14120	22
14130	22
14140	22
14150	22
14160	22
14170	22
14180	22
14190	23
14200	24
14210	25
14220	26
14230	27
14240	28
14250	29
14260	30
14270	31
14280	32
14290	33
14300	34
14310	35
14320	36
14330	37
14340	38
14350	39
14360	40
14370	41
14380	42
14390	43
14400	44
14410	45
14420	46
14430	47
14440	48
14450	49
14460	50
14470	51
14480	52
14490	53
14500	54
14510	55
14520	56
14530	57
14540	58
14550	59
14560	60
14570	61
14580	62
14590	63
14600	64
14610	65
14620	66
14630	67
14640	68
14650	69
14660	70
14670	71
14680	72
14690	73
14700	74
14710	75
14720	76
14730	77
14740	78
14750	79
14760	80
14770	81
14780	82
14790	83
14800	84
14810	85
14820	86
14830	87
14840	88
14850	89
14860	90
14870	91
14880	92
14890	93
14900	94
14910	95
14920	96
14930	97
14940	98
14950	99
14960	100
14970	101
14980	102
14990	103
15000	104
15010	105
15020	106
15030	107
15040	108
15050	109
15060	110
15070	111
15080	112
15090	113
15100	114
15110	115
15120	116
15130	117
15140	118
15150	119
15160	120
15170	121
15180	122
15190	123
15200	124
15210	125
15220	126
15230	127
15240	128
15250	129
15260	130
15270	131
15280	132
15290	133
15300	134
15310	135
15320	136
15330	137
15340	138
15350	139
15360	140
15370	141
15380	142
15390	143
15400	144
15410	145
15420	146
15430	147
15440	148
15450	149
15460	150
15470	151
15480	152
15490	153
15500	154
15510	155
15520	156
15530	157
15540	158
15550	159
15560	160
15570	161
15580	162
15590	163
15600	164
15610	165
15620	166
15630	167
15640	168
15650	169
15660	170
15670	171
15680	172
15690	173
15700	174
15710	175
15720	176
15730	177
15740	178
15750	179
15760	180
15770	181
15780	182
15790	183
15800	184
15810	185
15820	186
15830	187
15840	188
15850	189
15860	190
15870	191
15880	192
15890	193
15900	194
15910	195
15920	196
15930	197
15940	198
15950	199
15960	200
15970	201
15980	202
15990	203
16000	204
16010	205
16020	206
16030	207
16040	208
16050	209
16060	210
16070	211
16080	212
16090	213
16100	214
16110	215
16120	216
16130	217
16140	218
16150	219
16160	220
16170	221
16180	222
16190	223
16200	224
16210	225
16220	226
16230	227
16240	228
16250	229
16260	230
16270	231
16280	232
16290	233
16300	234
16310	235
16320	236
16330	237
16340	238
16350	239
16360	240
16370	241
16380	242
16390	243
16400	244
16410	245
16420	246
16430	247
16440	248
16450	248
16460	248
16470	248
16480	248
16490	248
16500	248
16510	248
16520	248
16530	248
16540	248
16550	248
16560	248
16570	248
16580	248
16590	248
16600	248
16610	248
16620	248
16630	248
16640	248
16650	248
16660	248
16670	248
16680	248
16690	248
16700	248
16710	248
16720	248
16730	248
16740	248
16750	248
16760	248
16770	248
16780	248
16790	248
16800	248
16810	248
16820	248
16830	248
16840	248
16850	248
16860	248
16870	248
16880	248
16890	248
16900	248
16910	248
16920	248
16930	248
16940	248
16950	248
16960	248
16970	248
16980	248
16990	248
17000	248
17010	248
17020	248
17030	248
17040	248
17050	248
17060	248
17070	248
17080	248
17090	248
17100	248
17110	248
17120	248
17130	248
17140	248
17150	248
17160	248
17170	248
17180	248
17190	248
17200	248
17210	248
17220	248
17230	248
17240	248
17250	248
17260	248
17270	248
17280	248
17290	248
17300	248
17310	248
17320	248
17330	248
17340	248
17350	248
17360	248
17370	248
17380	248
17390	248
17400	248
17410	248
17420	248
17430	248
17440	248
17450	248
17460	248
17470	248
17480	248
17490	248
17500	248
17510	248
17520	248
17530	248
17540	248
17550	248
17560	248
17570	248
17580	248
17590	248
17600	248
17610	248
17620	248
17630	248
17640	248
17650	248
17660	248
17670	248
17680	248
17690	248
17700	248
17710	248
17720	248
17730	247
17740	246
17750	245
17760	244
17770	243
17780	242
17790	241
17800	240
17810	239
17820	238
17830	237
17840	236
17850	235
17860	234
17870	233
17880	232
17890	231
17900	230
17910	229
17920	228
17930	227
17940	226
17950	225
17960	224
17970	223
17980	222
17990	221
18000	220
18010	219
18020	218
18030	217
18040	216
18050	215
18060	214
18070	213
18080	212
18090	211
18100	210
18110	209
18120	208
18130	207
18140	206
18150	205
18160	204
18170	203
18180	202
18190	201
18200	200
18210	199
18220	198
18230	197
18240	196
18250	195
18260	194
18270	193
18280	192
18290	191
18300	190
18310	189
18320	188
18330	187
18340	186
18350	185
18360	184
18370	183
18380	182
18390	181
18400	180
18410	179
18420	178
18430	177
18440	176
18450	175
18460	174
18470	173
18480	172
18490	171
18500	170
18510	169
18520	168
18530	167
18540	166
18550	165
18560	164
18570	163
18580	162
18590	161
18600	160
18610	159
18620	158
18630	157
18640	156
18650	155
18660	154
18670	153
18680	152
18690	151
18700	150
18710	149
18720	148
18730	147
18740	146
18750	145
18760	144
18770	143
18780	142
18790	141
18800	140
18810	139
18820	138
18830	137
18840	136
18850	135
18860	134
18870	133
18880	132
18890	131
18900	130
18910	129
18920	128
18930	127
18940	126
18950	125
18960	124
18970	123
18980	122
18990	121
19000	120
19010	119
19020	118
19030	117
19040	116
19050	115
19060	114
19070	113
19080	112
19090	111
19100	110
19110	109
19120	108
19130	107
19140	106
19150	105
19160	104
19170	103
19180	102
19190	102
19200	102
19210	102
19220	102
19230	102
19240	102
19250	102
19260	102
19270	102
19280	102
19290	102
19300	102
19310	102
19320	102
19330	102
19340	102
19350	102
19360	102
19370	102
19380	102
19390	102
19400	102
19410	102
19420	102
19430	102
19440	102
19450	102
19460	102
19470	102
19480	102
19490	102
19500	102
19510	102
19520	102
19530	102
19540	102
19550	102
19560	102
19570	102
19580	102
19590	102
19600	102
19610	102
19620	102
19630	102
19640	102
19650	102
19660	102
19670	102
19680	102
19690	102
19700	102
19710	102
19720	102
19730	102
19740	102
19750	102
19760	102
19770	102
19780	102
19790	102
19800	102
19810	102
19820	102
19830	102
19840	102
19850	102
19860	102
19870	102
19880	102
19890	102
19900	102
19910	102
19920	102
19930	102
19940	102
19950	102
19960	102
19970	102
19980	102
19990	102
20000	102
20010	102
20020	102
20030	102
20040	102
20050	102
20060	102
20070	102
20080	102
20090	102
20100	102
20110	102
20120	102
20130	102
20140	102
20150	102
20160	102
20170	102
20180	102
20190	102
20200	102
20210	102
20220	102
20230	102
20240	102
20250	102
20260	102
20270	102
20280	102
20290	102
20300	102
20310	102
20320	102
20330	102
20340	102
20350	102
20360	102
20370	102
20380	102
20390	102
20400	102
20410	102
20420	102
20430	102
20440	102
20450	102
20460	102
20470	102
20480	102
20490	102
20500	102
20510	102
20520	102
20530	102
20540	102
20550	102
20560	102
20570	102
20580	102
20590	102
20600	102
20610	102
20620	102
20630	102
20640	102
20650	102
20660	102
20670	102
20680	102
20690	102
20700	102
20710	102
20720	102
20730	102
20740	102
20750	102
20760	102
20770	102
20780	102
20790	102
20800	102
20810	102
20820	102
20830	102
20840	102
20850	102
20860	102
20870	102
20880	102
20890	102
20900	102
20910	102
20920	102
20930	102
20940	102
20950	102
20960	102
20970	102
20980	102
20990	102
21000	102
21010	102
21020	102
21030	102
21040	102
21050	102
21060	102
21070	102
21080	102
21090	102
21100	102
21110	102
21120	102
21130	102
21140	102
21150	102
21160	102
21170	102
21180	102
21190	102
21200	102
21210	102
21220	102
21230	102
21240	102
21250	103
21260	104
21270	105
21280	106
21290	107
21300	108
21310	109
21320	110
21330	111
21340	112
21350	113
21360	114
21370	115
21380	116
21390	117
21400	118
21410	119
21420	120
21430	121
21440	122
21450	122
21460	122
21470	122
21480	122
21490	122
21500	122
21510	122
21520	122
21530	122
21540	122
21550	122
21560	122
21570	122
21580	122
21590	122
21600	122
21610	122
21620	122
21630	122
21640	122
21650	122
21660	122
21670	122
21680	122
21690	122
21700	122
21710	122
21720	122
21730	122
21740	122
21750	122
21760	122
21770	122
21780	122
21790	122
21800	122
21810	122
21820	122
21830	122
21840	122
21850	122
21860	122
21870	122
21880	122
21890	122
21900	122
21910	122
21920	122
21930	122
21940	122
21950	122
21960	122
21970	122
21980	122
21990	122
22000	122
22010	122
22020	122
22030	122
22040	122
22050	122
22060	122
22070	122
22080	122
22090	122
22100	122
22110	122
22120	122
22130	122
22140	122
22150	122
22160	122
22170	122
22180	122
22190	122
22200	122
22210	122
22220	122
22230	122
22240	122
22250	122
22260	122
22270	122
22280	122
22290	122
22300	122
22310	122
22320	122
22330	122
22340	122
22350	122
22360	122
22370	122
22380	122
22390	122
22400	122
22410	122
22420	122
22430	122
22440	122
22450	122
22460	122
22470	122
22480	122
22490	122
22500	122
22510	122
22520	122
22530	122
22540	122
22550	122
22560	122
22570	122
22580	122
22590	122
22600	122
22610	122
22620	122
22630	122
22640	122
22650	122
22660	122
22670	122
22680	122
22690	122
22700	122
22710	122
22720	121
22730	120
22740	119
22750	118
22760	117
22770	116
22780	115
22790	114
22800	113
22810	112
22820	111
22830	110
22840	109
22850	108
22860	107
22870	106
22880	105
22890	104
22900	103
22910	102
22920	101
22930	100
22940	99
22950	98
22960	97
22970	96
22980	95
22990	94
23000	93
23010	92
23020	91
23030	90
23040	89
23050	88
23060	87
23070	86
23080	85
23090	84
23100	83
23110	82
23120	81
23130	80
23140	79
23150	78
23160	77
23170	76
23180	75
23190	74
23200	73
23210	72
23220	71
23230	70
23240	69
23250	68
23260	67
23270	66
23280	65
23290	64
23300	63
23310	62
23320	61
23330	60
23340	59
23350	58
23360	57
23370	56
23380	55
23390	54
23400	53
23410	52
23420	51
23430	50
23440	49
23450	48
23460	47
23470	46
23480	45
23490	44
23500	43
23510	42
23520	41
23530	40
23540	39
23550	38
23560	37
23570	36
23580	35
23590	34
23600	33
23610	32
23620	31
23630	30
23640	29
23650	28
23660	27
23670	26
23680	25
23690	24
23700	23
23710	22
23720	21
23730	20
23740	19
23750	19
23760	19
23770	19
23780	19
23790	19
23800	19
23810	19
23820	19
23830	19
23840	19
23850	19
23860	19
23870	19
23880	19
23890	19
23900	19
23910	19
23920	19
23930	19
23940	19
23950	19
23960	19
23970	19
23980	19
23990	19
24000	19
24010	19
24020	19
24030	19
24040	19
24050	19
24060	19
24070	19
24080	19
24090	19
24100	19
24110	19
24120	19
24130	19
24140	19
24150	20
24160	21
24170	22
24180	23
24190	24
24200	25
24210	26
24220	27
24230	28
24240	29
24250	30
24260	31
24270	32
24280	33
24290	34
24300	35
24310	36
24320	37
24330	38
24340	39
24350	40
24360	41
24370	42
24380	43
24390	44
24400	45
24410	46
24420	47
24430	48
24440	49
24450	50
24460	51
24470	52
24480	53
24490	54
24500	55
24510	56
24520	57
24530	58
24540	59
24550	60
24560	61
24570	62
24580	63
24590	64
24600	65
24610	66
24620	67
24630	68
24640	69
24650	70
24660	71
24670	72
24680	73
24690	74
24700	75
24710	76
24720	77
24730	78
24740	79
24750	80
24760	81
24770	82
24780	83
24790	84
24800	85
24810	86
24820	87
24830	88
24840	89
24850	90
24860	91
24870	92
24880	93
24890	94
24900	95
24910	96
24920	97
24930	98
24940	99
24950	100
24960	101
24970	102
24980	103
24990	104
25000	105
25010	106
25020	107
25030	108
25040	109
25050	110
25060	111
25070	112
25080	113
25090	114
25100	115
25110	116
25120	117
25130	118
25140	119
25150	120
25160	121
25170	122
25180	123
25190	124
25200	125
25210	126
25220	127
25230	128
25240	129
25250	130
25260	131
25270	132
25280	133
25290	134
25300	135
25310	136
25320	137
25330	138
25340	139
25350	140
25360	141
25370	142
25380	143
25390	144
25400	145
25410	146
25420	147
25430	148
25440	149
25450	150
25460	151
25470	152
25480	153
25490	154
25500	154
25510	154
25520	154
25530	154
25540	154
25550	154
25560	154
25570	154
25580	154
25590	154
25600	154
25610	154
25620	154
25630	154
25640	154
25650	154
25660	154
25670	154
25680	154
25690	154
25700	154
25710	154
25720	154
25730	154
25740	154
25750	154
25760	154
25770	154
25780	154
25790	154
25800	154
25810	154
25820	154
25830	154
25840	154
25850	154
25860	154
25870	154
25880	154
25890	154
25900	154
25910	154
25920	154
25930	154
25940	154
25950	154
25960	154
25970	154
25980	154
25990	154
26000	154
26010	154
26020	154
26030	154
26040	154
26050	154
26060	154
26070	154
26080	154
26090	154
26100	154
26110	154
26120	154
26130	154
26140	154
26150	154
26160	154
26170	154
26180	154
26190	154
26200	154
26210	154
26220	154
26230	154
26240	154
26250	154
26260	154
26270	154
26280	154
26290	154
26300	154
26310	154
26320	154
26330	154
26340	154
26350	154
26360	154
26370	154
26380	154
26390	154
26400	154
26410	154
26420	154
26430	154
26440	154
26450	154
26460	154
26470	154
26480	154
26490	154
26500	154
26510	154
26520	154
26530	154
26540	154
26550	154
26560	154
26570	154
26580	154
26590	154
26600	154
26610	154
26620	154
26630	154
26640	154
26650	154
26660	154
26670	154
26680	154
26690	154
26700	154
26710	154
26720	154
26730	154
26740	154
26750	154
26760	154
26770	154
26780	154
26790	154
26800	154
26810	154
26820	154
26830	154
26840	154
26850	154
26860	154
26870	154
26880	154
26890	154
26900	154
26910	154
26920	154
26930	154
26940	154
26950	154
26960	154
26970	154
26980	154
26990	154
27000	154
27010	154
27020	154
27030	154
27040	154
27050	154
27060	154
27070	154
27080	154
27090	154
27100	154
27110	154
27120	154
27130	154
27140	154
27150	154
27160	154
27170	154
27180	154
27190	154
27200	154
27210	154
27220	154
27230	154
27240	154
27250	155
27260	156
27270	157
27280	158
27290	159
27300	160
27310	161
27320	162
27330	163
27340	164
27350	165
27360	166
27370	167
27380	168
27390	169
27400	170
27410	171
27420	171
27430	171
27440	171
27450	171
27460	171
27470	171
27480	171
27490	171
27500	171
27510	171
27520	171
27530	171
27540	171
27550	171
27560	171
27570	171
27580	171
27590	171
27600	171
27610	171
27620	171
27630	171
27640	171
27650	171
27660	171
27670	171
27680	171
27690	171
27700	171
27710	171
27720	171
27730	171
27740	171
27750	171
27760	171
27770	171
27780	171
27790	171
27800	171
27810	171
27820	171
27830	171
27840	171
27850	171
27860	171
27870	171
27880	171
27890	171
27900	171
27910	171
27920	171
27930	171
27940	171
27950	171
27960	171
27970	171
27980	171
27990	171
28000	171
28010	171
28020	171
28030	171
28040	171
28050	171
28060	171
28070	171
28080	171
28090	171
28100	171
28110	171
28120	171
28130	171
28140	171
28150	171
28160	171
28170	171
28180	171
28190	171
28200	171
28210	171
28220	171
28230	171
28240	171
28250	171
28260	171
28270	171
28280	171
28290	171
28300	171
28310	171
28320	171
28330	171
28340	171
28350	171
28360	171
28370	171
28380	171
28390	171
28400	171
28410	171
28420	171
28430	171
28440	171
28450	171
28460	171
28470	171
28480	171
28490	171
28500	171
28510	171
28520	171
28530	171
28540	171
28550	171
28560	171
28570	171
28580	171
28590	171
28600	171
28610	171
28620	171
28630	171
28640	171
28650	171
28660	171
28670	171
28680	171
28690	171
28700	171
28710	171
28720	171
28730	171
28740	171
28750	171
28760	171
28770	171
28780	171
28790	171
28800	171
28810	171
28820	171
28830	171
28840	171
28850	171
28860	171
28870	171
28880	171
28890	171
28900	171
28910	171
28920	171
28930	171
28940	171
28950	171
28960	171
28970	171
28980	171
28990	171
29000	171
29010	171
29020	171
29030	171
29040	171
29050	171
29060	171
29070	171
29080	171
29090	171
29100	171
29110	171
29120	171
29130	171
29140	171
29150	171
29160	171
29170	171
29180	171
29190	171
29200	171
29210	171
29220	171
29230	171
29240	171
29250	171
29260	171
29270	171
29280	171
29290	171
29300	171
29310	171
29320	171
29330	171
29340	171
29350	171
29360	171
29370	171
29380	171
29390	171
29400	171
29410	171
29420	171
29430	171
29440	171
29450	171
29460	171
29470	171
29480	171
29490	171
29500	171
29510	171
29520	171
29530	171
29540	171
29550	171
29560	171
29570	171
29580	171
29590	171
29600	171
29610	171
29620	171
29630	171
29640	171
29650	171
29660	171
29670	171
29680	171
29690	171
29700	171
29710	171
29720	171
29730	171
29740	171
29750	171
29760	171
29770	171
29780	171
29790	171
29800	171
29810	171
29820	171
29830	171
29840	171
29850	171
29860	171
29870	171
29880	171
29890	171
29900	171
29910	171
29920	171
29930	171
29940	171
29950	171
29960	171
29970	171
29980	171
29990	171
30000	171
30010	171
30020	171
30030	171
30040	171
30050	171
30060	171
30070	171
30080	171
30090	171
30100	171
30110	171
30120	171
30130	171
30140	171
30150	171
30160	171
30170	171
30180	171
30190	171
30200	171
30210	171
30220	171
30230	171
30240	171
30250	171
30260	171
30270	171
30280	171
30290	171
30300	171
30310	171
30320	171
30330	171
30340	171
30350	171
30360	171
30370	171
30380	171
30390	171
30400	171
30410	171
30420	171
30430	171
30440	171
30450	171
30460	171
30470	171
30480	171
30490	171
30500	171
30510	171
30520	171
30530	171
30540	171
30550	171
30560	171
30570	171
30580	171
30590	171
30600	171
30610	171
30620	171
30630	171
30640	171
30650	171
30660	171
30670	171
30680	171
30690	171
30700	171
30710	171
30720	171
30730	171
30740	171
30750	171
30760	171
30770	171
30780	171
30790	171
30800	171
30810	171
30820	171
30830	171
30840	171
30850	171
30860	171
30870	171
30880	171
30890	171
30900	171
30910	171
30920	171
30930	171
30940	171
30950	171
30960	171
30970	171
30980	171
30990	171
31000	171
31010	171
31020	171
31030	171
31040	171
31050	171
31060	171
31070	171
31080	171
31090	171
31100	171
31110	171
31120	171
31130	171
31140	171
31150	171
31160	171
31170	171
31180	171
31190	171
31200	171
31210	171
31220	171
31230	171
31240	171
31250	171
31260	171
31270	171
31280	171
31290	171
31300	171
31310	171
31320	171
31330	171
31340	171
31350	171
31360	171
31370	171
31380	171
31390	171
31400	171
31410	171
31420	171
31430	171
31440	171
31450	171
31460	171
31470	171
31480	171
31490	171
31500	171
31510	171
31520	171
31530	171
31540	171
31550	171
31560	171
31570	171
31580	171
31590	171
31600	171
31610	171
31620	171
31630	171
31640	171
31650	171
31660	171
31670	171
31680	171
31690	171
31700	171
31710	171
31720	171
31730	171
31740	171
31750	171
31760	171
31770	171
31780	171
31790	171
31800	171
31810	171
31820	171
31830	171
31840	171
31850	171
31860	171
31870	171
31880	171
31890	171
31900	171
31910	171
31920	171
31930	171
31940	171
31950	171
31960	171
31970	171
31980	171
31990	171
32000	171
32010	171
32020	171
32030	171
32040	171
32050	171
32060	171
32070	171
32080	171
32090	171
32100	171
32110	171
32120	171
32130	171
32140	171
32150	171
32160	171
32170	171
32180	171
32190	171
32200	171
32210	171
32220	171
32230	171
32240	171
32250	171
32260	171
32270	171
32280	171
32290	171
32300	171
32310	171
32320	171
32330	171
32340	171
32350	171
32360	171
32370	171
32380	171
32390	171
32400	171
32410	171
32420	171
32430	171
32440	171
32450	171
32460	171
32470	171
32480	171
32490	171
32500	171
32510	171
32520	171
32530	171
32540	171
32550	171
32560	171
32570	171
32580	171
32590	171
32600	171
32610	171
32620	171
32630	171
32640	171
32650	171
32660	171
32670	171
32680	171
32690	171
32700	171
32710	171
32720	171
32730	171
32740	171
32750	171
32760	171
32770	171
32780	171
32790	171
32800	171
32810	171
32820	171
32830	171
32840	171
32850	171
32860	171
32870	171
32880	171
32890	171
32900	171
32910	171
32920	171
32930	171
32940	171
32950	171
32960	171
32970	171
32980	171
32990	171
33000	171
33010	171
33020	171
33030	171
33040	171
33050	171
33060	171
33070	171
33080	171
33090	171
33100	171
33110	171
33120	171
33130	171
33140	171
33150	171
33160	171
33170	171
33180	171
33190	171
33200	171
33210	171
33220	171
33230	171
33240	171
33250	171
33260	171
33270	171
33280	171
33290	171
33300	171
33310	171
33320	171
33330	171
33340	171
33350	171
33360	171
33370	171
33380	171
33390	171
33400	171
33410	171
33420	171
33430	171
33440	171
33450	171
33460	171
33470	171
33480	171
33490	171
33500	171
33510	171
33520	171
33530	171
33540	171
33550	171
33560	171
33570	171
33580	171
33590	171
33600	171
33610	171
33620	171
33630	171
33640	171
33650	171
33660	171
33670	171
33680	171
33690	171
33700	171
33710	171
33720	171
33730	171
33740	171
33750	171
33760	171
33770	171
33780	171
33790	171
33800	171
33810	171
33820	171
33830	171
33840	171
33850	171
33860	171
33870	171
33880	171
33890	171
33900	171
33910	171
33920	171
33930	171
33940	171
33950	171
33960	171
33970	171
33980	171
33990	171
34000	171
34010	171
34020	171
34030	171
34040	171
34050	171
34060	171
34070	171
34080	171
34090	170
34100	169
34110	168
34120	167
34130	166
34140	165
34150	164
34160	164
34170	164
34180	164
34190	164
34200	164
34210	164
34220	164
34230	164
34240	164
34250	164
34260	164
34270	164
34280	164
34290	164
34300	164
34310	164
34320	164
34330	164
34340	164
34350	164
34360	164
34370	164
34380	164
34390	164
34400	164
34410	164
34420	164
34430	164
34440	164
34450	164
34460	164
34470	164
34480	164
34490	164
34500	164
34510	164
34520	164
34530	164
34540	164
34550	164
34560	164
34570	164
34580	164
34590	164
34600	164
34610	164
34620	164
34630	164
34640	164
34650	164
34660	164
34670	164
34680	164
34690	164
34700	164
34710	164
34720	164
34730	164
34740	164
34750	164
34760	164
34770	164
34780	164
34790	164
34800	164
34810	164
34820	164
34830	164
34840	164
34850	164
34860	164
34870	164
34880	164
34890	164
34900	164
34910	164
34920	164
34930	164
34940	164
34950	164
34960	164
34970	164
34980	164
34990	164
35000	164
35010	164
35020	164
35030	164
35040	164
35050	164
35060	164
35070	164
35080	164
35090	164
35100	164
35110	164
35120	164
35130	164
35140	164
35150	164
35160	164
35170	164
35180	164
35190	164
35200	164
35210	164
35220	164
35230	164
35240	164
35250	164
35260	164
35270	164
35280	164
35290	164
35300	164
35310	164
35320	164
35330	164
35340	164
35350	164
35360	164
35370	164
35380	164
35390	164
35400	164
35410	164
35420	164
35430	164
35440	164
35450	164
35460	164
35470	164
35480	164
35490	164
35500	164
35510	164
35520	164
35530	164
35540	164
35550	164
35560	164
35570	164
35580	164
35590	164
35600	164
35610	164
35620	164
35630	164
35640	164
35650	164
35660	164
35670	164
35680	164
35690	164
35700	164
35710	164
35720	164
35730	164
35740	164
35750	164
35760	164
35770	164
35780	164
35790	164
35800	164
35810	164
35820	164
35830	164
35840	164
35850	164
35860	164
35870	164
35880	164
35890	164
35900	164
35910	164
35920	164
35930	164
35940	164
35950	164
35960	164
35970	164
35980	164
35990	164
36000	164
36010	164
36020	164
36030	164
36040	164
36050	164
36060	164
36070	164
36080	164
36090	164
36100	164
36110	164
36120	164
36130	164
36140	164
36150	164
36160	164
36170	164
36180	164
36190	164
36200	164
36210	164
36220	164
36230	164
36240	164
36250	164
36260	164
36270	164
36280	164
36290	164
36300	164
36310	164
36320	164
36330	164
36340	164
36350	164
36360	164
36370	164
36380	164
36390	164
36400	164
36410	164
36420	164
36430	164
36440	163
36450	162
36460	161
36470	160
36480	159
36490	158
36500	157
36510	156
36520	155
36530	154
36540	153
36550	152
36560	151
36570	150
36580	149
36590	148
36600	147
36610	146
36620	145
36630	144
36640	143
36650	142
36660	141
36670	140
36680	139
36690	138
36700	137
36710	136
36720	135
36730	134
36740	133
36750	132
36760	131
36770	130
36780	129
36790	128
36800	127
36810	126
36820	125
36830	124
36840	123
36850	122
36860	121
36870	120
36880	119
36890	118
36900	117
36910	116
36920	115
36930	114
36940	113
36950	112
36960	111
36970	110
36980	109
36990	108
37000	107
37010	106
37020	105
37030	104
37040	103
37050	102
37060	101
37070	100
37080	99
37090	98
37100	97
37110	96
37120	95
37130	94
37140	93
37150	92
37160	91
37170	90
37180	89
37190	88
37200	87
37210	86
37220	85
37230	84
37240	83
37250	82
37260	81
37270	80
37280	79
37290	78
37300	77
37310	76
37320	75
37330	74
37340	73
37350	72
37360	71
37370	70
37380	69
37390	68
37400	67
37410	66
37420	65
37430	64
37440	63
37450	62
37460	61
37470	61
37480	61
37490	61
37500	61
37510	61
37520	61
37530	61
37540	61
37550	61
37560	61
37570	61
37580	61
37590	61
37600	61
37610	61
37620	61
37630	61
37640	61
37650	61
37660	61
37670	61
37680	61
37690	61
37700	61
37710	61
37720	61
37730	61
37740	61
37750	61
37760	61
37770	61
37780	61
37790	61
37800	61
37810	61
37820	61
37830	61
37840	61
37850	61
37860	61
37870	61
37880	61
37890	61
37900	61
37910	61
37920	61
37930	61
37940	61
37950	61
37960	61
37970	61
37980	61
37990	61
38000	61
38010	61
38020	61
38030	61
38040	61
38050	61
38060	61
38070	61
38080	61
38090	61
38100	61
38110	61
38120	61
38130	61
38140	61
38150	61
38160	61
38170	61
38180	61
38190	61
38200	61
38210	61
38220	61
38230	61
38240	61
38250	61
38260	61
38270	61
38280	61
38290	61
38300	61
38310	61
38320	61
38330	61
38340	61
38350	61
38360	61
38370	61
38380	61
38390	61
38400	61
38410	61
38420	61
38430	61
38440	61
38450	61
38460	61
38470	61
38480	61
38490	61
38500	61
38510	61
38520	61
38530	61
38540	61
38550	61
38560	61
38570	61
38580	61
38590	61
38600	61
38610	61
38620	61
38630	61
38640	61
38650	61
38660	61
38670	61
38680	61
38690	61
38700	62
38710	63
38720	64
38730	65
38740	66
38750	67
38760	68
38770	69
38780	70
38790	71
38800	72
38810	73
38820	74
38830	75
38840	76
38850	77
38860	78
38870	79
38880	80
38890	81
38900	82
38910	83
38920	84
38930	85
38940	86
38950	87
38960	88
38970	89
38980	90
38990	91
39000	92
39010	93
39020	94
39030	95
39040	96
39050	97
39060	98
39070	99
39080	100
39090	101
39100	102
39110	103
39120	104
39130	105
39140	106
39150	107
39160	108
39170	109
39180	110
39190	111
39200	112
39210	113
39220	114
39230	115
39240	116
39250	117
39260	118
39270	119
39280	120
39290	121
39300	122
39310	123
39320	124
39330	125
39340	126
39350	127
39360	128
39370	129
39380	130
39390	131
39400	132
39410	133
39420	134
39430	135
39440	136
39450	137
39460	138
39470	139
39480	140
39490	141
39500	142
39510	143
39520	144
39530	145
39540	146
39550	147
39560	148
39570	149
39580	150
39590	151
39600	152
39610	153
39620	154
39630	155
39640	156
39650	157
39660	158
39670	159
39680	160
39690	160
39700	160
39710	160
39720	160
39730	160
39740	160
39750	160
39760	160
39770	160
39780	160
39790	160
39800	160
39810	160
39820	160
39830	160
39840	160
39850	160
39860	160
39870	160
39880	160
39890	160
39900	160
39910	160
39920	160
39930	160
39940	160
39950	160
39960	160
39970	160
39980	160
39990	160
40000	160
40010	160
40020	160
40030	160
40040	160
40050	160
40060	160
40070	160
40080	160
40090	160
40100	160
40110	160
40120	160
40130	160
40140	160
40150	160
40160	160
40170	160
40180	160
40190	160
40200	160
40210	160
40220	160
40230	160
40240	160
40250	160
40260	160
40270	160
40280	160
40290	160
40300	160
40310	160
40320	160
40330	160
40340	160
40350	160
40360	160
40370	160
40380	160
40390	160
40400	160
40410	160
40420	160
40430	160
40440	160
40450	160
40460	160
40470	160
40480	160
40490	160
40500	160
40510	160
40520	160
40530	160
40540	160
40550	160
40560	160
40570	160
40580	160
40590	160
40600	160
40610	160
40620	160
40630	160
40640	160
40650	160
40660	160
40670	160
40680	160
40690	160
40700	160
40710	160
40720	160
40730	160
40740	160
40750	160
40760	160
40770	160
40780	160
40790	160
40800	160
40810	160
40820	160
40830	160
40840	160
40850	160
40860	160
40870	160
40880	160
40890	160
40900	160
40910	160
40920	160
40930	160
40940	160
40950	160
40960	160
40970	160
40980	160
40990	160
41000	160
41010	160
41020	160
41030	160
41040	160
41050	160
41060	160
41070	160
41080	160
41090	160
41100	160
41110	160
41120	160
41130	160
41140	160
41150	160
41160	160
41170	159
41180	158
41190	157
41200	156
41210	155
41220	154
41230	153
41240	152
41250	151
41260	150
41270	149
41280	148
41290	147
41300	146
41310	145
41320	144
41330	143
41340	142
41350	141
41360	140
41370	139
41380	138
41390	137
41400	136
41410	135
41420	134
41430	133
41440	132
41450	131
41460	130
41470	129
41480	128
41490	127
41500	126
41510	125
41520	124
41530	123
41540	122
41550	121
41560	120
41570	119
41580	118
41590	117
41600	116
41610	115
41620	114
41630	113
41640	112
41650	111
41660	110
41670	109
41680	108
41690	107
41700	106
41710	105
41720	104
41730	103
41740	102
41750	101
41760	100
41770	99
41780	98
41790	97
41800	96
41810	95
41820	94
41830	93
41840	92
41850	91
41860	90
41870	89
41880	88
41890	87
41900	86
41910	85
41920	84
41930	83
41940	82
41950	82
41960	82
41970	82
41980	82
41990	82
42000	82
42010	82
42020	82
42030	82
42040	82
42050	82
42060	82
42070	82
42080	82
42090	82
42100	82
42110	82
42120	82
42130	82
42140	82
42150	82
42160	82
42170	82
42180	82
42190	82
42200	82
42210	82
42220	82
42230	82
42240	82
42250	82
42260	82
42270	82
42280	82
42290	82
42300	82
42310	82
42320	82
42330	82
42340	82
42350	82
42360	82
42370	82
42380	82
42390	82
42400	82
42410	82
42420	82
42430	82
42440	82
42450	82
42460	82
42470	82
42480	82
42490	82
42500	82
42510	82
42520	82
42530	82
42540	82
42550	82
42560	82
42570	82
42580	82
42590	82
42600	82
42610	82
42620	82
42630	82
42640	82
42650	82
42660	82
42670	82
42680	82
42690	82
42700	82
42710	82
42720	82
42730	82
42740	82
42750	82
42760	82
42770	82
42780	82
42790	82
42800	82
42810	82
42820	82
42830	82
42840	82
42850	82
42860	82
42870	82
42880	82
42890	82
42900	82
42910	82
42920	82
42930	82
42940	82
42950	82
42960	82
42970	82
42980	82
42990	82
43000	82
43010	82
43020	82
43030	82
43040	82
43050	82
43060	82
43070	82
43080	82
43090	82
43100	82
43110	82
43120	82
43130	82
43140	82
43150	82
43160	82
43170	82
43180	82
43190	82
43200	82
43210	82
43220	82
43230	82
43240	82
43250	82
43260	82
43270	82
43280	82
43290	82
43300	82
43310	82
43320	82
43330	82
43340	82
43350	82
43360	82
43370	82
43380	82
43390	82
43400	81
43410	80
43420	79
43430	78
43440	77
43450	76
43460	75
43470	74
43480	73
43490	72
43500	71
43510	70
43520	69
43530	68
43540	67
43550	66
43560	65
43570	64
43580	63
43590	62
43600	61
43610	60
43620	59
43630	58
43640	57
43650	56
43660	56
43670	56
43680	56
43690	56
43700	56
43710	56
43720	56
43730	56
43740	56
43750	56
43760	56
43770	56
43780	56
43790	56
43800	56
43810	56
43820	56
43830	56
43840	56
43850	56
43860	56
43870	56
43880	56
43890	56
43900	56
43910	56
43920	56
43930	56
43940	56
43950	56
43960	56
43970	56
43980	56
43990	56
44000	56
44010	56
44020	56
44030	56
44040	56
44050	56
44060	56
44070	56
44080	56
44090	56
44100	56
44110	56
44120	56
44130	56
44140	56
44150	56
44160	56
44170	56
44180	56
44190	56
44200	56
44210	56
44220	56
44230	56
44240	56
44250	56
44260	56
44270	56
44280	56
44290	56
44300	56
44310	56
44320	56
44330	56
44340	56
44350	56
44360	56
44370	56
44380	56
44390	56
44400	56
44410	56
44420	56
44430	56
44440	56
44450	56
44460	56
44470	56
44480	56
44490	56
44500	56
44510	56
44520	56
44530	56
44540	56
44550	56
44560	56
44570	56
44580	56
44590	56
44600	56
44610	56
44620	56
44630	55
44640	54
44650	53
44660	52
44670	51
44680	50
44690	49
44700	48
44710	47
44720	46
44730	45
44740	44
44750	43
44760	42
44770	41
44780	40
44790	39
44800	38
44810	37
44820	37
44830	37
44840	37
44850	37
44860	37
44870	37
44880	37
44890	37
44900	37
44910	37
44920	37
44930	37
44940	37
44950	37
44960	37
44970	37
44980	37
44990	37
45000	37
45010	37
45020	37
45030	37
45040	37
45050	37
45060	37
45070	37
45080	37
45090	37
45100	37
45110	37
45120	37
45130	37
45140	37
45150	37
45160	37
45170	37
45180	37
45190	37
45200	37
45210	37
45220	37
45230	37
45240	37
45250	37
45260	37
45270	37
45280	37
45290	37
45300	37
45310	37
45320	37
45330	37
45340	37
45350	37
45360	36
45370	35
45380	34
45390	33
45400	32
45410	31
45420	30
45430	29
45440	28
45450	27
45460	26
45470	25
45480	24
45490	23
45500	22
45510	21
45520	20
45530	19
45540	18
45550	17
45560	16
45570	15
45580	14
45590	13
45600	12
45610	11
45620	10
45630	9
45640	8
45650	7
45660	7
45670	7
45680	7
45690	7
45700	7
45710	7
45720	7
45730	7
45740	7
45750	7
45760	7
45770	7
45780	7
45790	6
45800	5
45810	4
45820	3
45830	2
45840	2
45850	2
45860	2
45870	2
45880	2
45890	2
45900	3
45910	4
45920	5
45930	6
45940	7
45950	8
45960	9
45970	10
45980	11
45990	12
46000	13
46010	13
46020	13
46030	13
46040	13
46050	13
46060	13
46070	13
46080	13
46090	13
46100	13
46110	13
46120	13
46130	13
46140	13
46150	13
46160	13
46170	13
46180	12
46190	11
46200	10
46210	9
46220	8
46230	7
46240	6
46250	5
46260	4
46270	3
46280	2
46290	1
46300	0
46310	0
46320	0
46330	0
46340	0
46350	0
46360	0
46370	0
46380	0
46390	0
46400	0
46410	0
46420	0
46430	0
46440	0
46450	0
46460	0
46470	0
46480	0
46490	0
46500	0
46510	0
46520	0
46530	0
46540	0
46550	0
46560	0
46570	1
46580	2
46590	3
46600	3
46610	3
46620	3
46630	3
46640	3
46650	3
46660	3
46670	2
46680	1
46690	0
46700	0
46710	0
46720	0
46730	0
46740	0
46750	0
46760	0
46770	0
46780	0
46790	0
46800	0
46810	0
46820	0
46830	0
46840	0
46850	0
46860	0
46870	0
46880	0
46890	0
46900	0
46910	0
46920	0
46930	0
46940	0
46950	0
46960	0
46970	0
46980	0
46990	0
47000	0
47010	0
47020	0
47030	0
47040	0
47050	0
47060	0
47070	0
47080	0
47090	0
47100	0
47110	0
47120	0
47130	1
47140	2
47150	2
47160	2
47170	2
47180	2
47190	2
47200	2
47210	1
47220	0
47230	0
47240	0
47250	0
47260	0
47270	0
47280	1
47290	2
47300	3
47310	4
47320	5
47330	5
47340	5
47350	5
47360	5
47370	5
47380	5
47390	5
47400	5
47410	5
47420	5
47430	5
47440	5
47450	4
47460	3
47470	2
47480	1
47490	0
47500	0
47510	0
47520	0
47530	0
47540	0
47550	0
47560	0
47570	0
47580	0
47590	0
47600	0
47610	0
47620	0
47630	0
47640	0
47650	0
47660	0
47670	0
47680	0
47690	0
47700	0
47710	0
47720	0
47730	0
47740	0
47750	0
47760	0
47770	0
47780	0
47790	0
47800	0
47810	0
47820	0
47830	0
47840	0
47850	0
47860	0
47870	0
47880	0
47890	0
47900	0
47910	0
47920	0
47930	0
47940	0
47950	0
47960	0
47970	0
47980	0
47990	0
48000	0
48010	1
48020	1
48030	1
48040	1
48050	0
48060	0
48070	0
48080	0
48090	0
48100	0
48110	0
48120	0
48130	0
48140	0
48150	0
48160	0
48170	0
48180	0
48190	0
48200	0
48210	0
48220	0
48230	0
48240	0
48250	0
48260	0
48270	0
48280	0
48290	0
48300	0
48310	0
48320	0
48330	0
48340	0
48350	0
48360	0
48370	0
48380	0
48390	0
48400	0
48410	0
48420	1
48430	2
48440	3
48450	4
48460	5
48470	6
48480	7
48490	8
48500	9
48510	9
48520	9
48530	9
48540	9
48550	9
48560	9
48570	9
48580	9
48590	9
48600	9
48610	9
48620	9
48630	9
48640	9
48650	9
48660	9
48670	9
48680	9
48690	9
48700	9
48710	8
48720	7
48730	6
48740	5
48750	4
48760	3
48770	2
48780	1
48790	0
48800	0
48810	0
48820	0
48830	0
48840	0
48850	0
48860	0
48870	0
48880	0
48890	0
48900	0
48910	0
48920	0
48930	0
48940	0
48950	0
48960	0
48970	0
48980	0
48990	0
49000	0
49010	0
49020	0
49030	0
49040	0
49050	0
49060	1
49070	2
49080	3
49090	4
49100	5
49110	6
49120	7
49130	8
49140	9
49150	10
49160	11
49170	12
49180	13
49190	14
49200	15
49210	15
49220	15
49230	15
49240	15
49250	15
49260	15
49270	15
49280	15
49290	15
49300	15
49310	15
49320	15
49330	15
49340	15
49350	15
49360	15
49370	15
49380	15
49390	15
49400	15
49410	15
49420	15
49430	15
49440	15
49450	15
49460	15
49470	15
49480	15
49490	15
49500	15
49510	15
49520	15
49530	16
49540	16
49550	16
49560	17
49570	17
49580	18
49590	18
49600	18
49610	19
49620	19
49630	19
49640	19
49650	19
49660	19
49670	19
49680	19
49690	19
49700	19
49710	19
49720	19
49730	19
49740	19
49750	19
49760	19
49770	19
49780	19
49790	19
49800	19
49810	19
49820	19
49830	19
49840	19
49850	19
49860	19
49870	19
49880	19
49890	19
49900	19
49910	19
49920	19
49930	19
49940	19
49950	19
49960	19
49970	19
49980	19
49990	19
50000	19
50010	19
50020	19
50030	19
50040	19
50050	19
50060	19
50070	18
50080	18
50090	18
50100	18
50110	18
50120	18
50130	18
50140	18
50150	18
50160	18
50170	18
50180	18
50190	18
50200	18
50210	18
50220	18
50230	18
50240	18
50250	18
50260	18
50270	18
50280	18
50290	18
50300	18
50310	18
50320	18
50330	18
50340	18
50350	18
50360	18
50370	18
50380	18
50390	18
50400	18
50410	18
50420	18
50430	18
50440	18
50450	18
50460	18
50470	18
50480	18
50490	18
50500	18
50510	18
50520	18
50530	18
50540	18
50550	18
50560	18
50570	18
50580	18
50590	18
50600	18
50610	18
50620	18
50630	18
50640	18
50650	18
50660	18
50670	18
50680	18
50690	18
50700	18
50710	18
50720	18
50730	18
50740	18
50750	18
50760	18
50770	18
50780	18
50790	18
50800	18
50810	18
50820	18
50830	18
50840	18
50850	18
50860	18
50870	18
50880	18
50890	18
50900	18
50910	18
50920	18
50930	18
50940	19
50950	20
50960	21
50970	22
50980	22
50990	23
51000	24
51010	25
51020	26
51030	27
51040	27
51050	27
51060	27
51070	27
51080	27
51090	27
51100	27
51110	27
51120	27
51130	27
51140	27
51150	27
51160	27
51170	27
51180	27
51190	27
51200	27
51210	27
51220	27
51230	27
51240	27
51250	27
51260	27
51270	27
51280	27
51290	27
51300	27
51310	27
51320	27
51330	27
51340	27
51350	27
51360	27
51370	27
51380	27
51390	27
51400	27
51410	27
51420	27
51430	27
51440	27
51450	27
51460	27
51470	27
51480	27
51490	27
51500	27
51510	27
51520	27
51530	27
51540	27
51550	27
51560	27
51570	27
51580	27
51590	27
51600	26
51610	26
51620	25
51630	24
51640	24
51650	24
51660	24
51670	24
51680	24
51690	24
51700	24
51710	24
51720	24
51730	24
51740	24
51750	24
51760	24
51770	24
51780	24
51790	24
51800	24
51810	24
51820	24
51830	24
51840	24
51850	24
51860	24
51870	24
51880	24
51890	24
51900	24
51910	24
51920	24
51930	24
51940	24
51950	24
51960	24
51970	24
51980	24
51990	24
52000	24
52010	24
52020	24
52030	24
52040	24
52050	24
52060	24
52070	24
52080	24
52090	24
52100	24
52110	24
52120	24
52130	24
52140	25
52150	26
52160	26
52170	27
52180	28
52190	29
52200	29
52210	29
52220	29
52230	29
52240	29
52250	29
52260	29
52270	29
52280	29
52290	29
52300	29
52310	29
52320	29
52330	29
52340	29
52350	29
52360	29
52370	29
52380	29
52390	29
52400	29
52410	29
52420	29
52430	29
52440	29
52450	29
52460	29
52470	29
52480	29
52490	29
52500	29
52510	29
52520	29
52530	29
52540	29
52550	29
52560	29
52570	29
52580	29
52590	29
52600	29
52610	29
52620	29
52630	29
52640	29
52650	29
52660	29
52670	29
52680	29
52690	29
52700	29
52710	29
52720	29
52730	29
52740	29
52750	29
52760	29
52770	29
52780	29
52790	29
52800	29
52810	30
52820	30
52830	30
52840	30
52850	30
52860	31
52870	31
52880	31
52890	32
52900	32
52910	32
52920	32
52930	32
52940	32
52950	32
52960	32
52970	32
52980	32
52990	32
53000	32
53010	32
53020	32
53030	32
53040	32
53050	32
53060	32
53070	32
53080	32
53090	32
53100	32
53110	32
53120	32
53130	32
53140	32
53150	32
53160	32
53170	32
53180	32
53190	32
53200	32
53210	32
53220	32
53230	32
53240	32
53250	32
53260	32
53270	32
53280	32
53290	32
53300	32
53310	32
53320	32
53330	32
53340	32
53350	32
53360	32
53370	32
53380	32
53390	32
53400	32
53410	32
53420	32
53430	32
53440	32
53450	32
53460	32
53470	32
53480	32
53490	32
53500	32
53510	32
53520	32
53530	32
53540	32
53550	32
53560	32
53570	32
53580	32
53590	33
53600	33
53610	34
53620	34
53630	34
53640	35
53650	35
53660	36
53670	36
53680	37
53690	37
53700	37
53710	37
53720	37
53730	37
53740	37
53750	37
53760	37
53770	37
53780	37
53790	37
53800	37
53810	37
53820	37
53830	37
53840	37
53850	37
53860	37
53870	37
53880	37
53890	37
53900	37
53910	37
53920	37
53930	37
53940	37
53950	37
53960	37
53970	37
53980	37
53990	37
54000	37
54010	37
54020	37
54030	37
54040	37
54050	37
54060	37
54070	37
54080	37
54090	37
54100	37
54110	37
54120	37
54130	37
54140	37
54150	37
54160	37
54170	37
54180	37
54190	37
54200	37
54210	37
54220	37
54230	37
54240	37
54250	37
54260	37
54270	37
54280	37
54290	37
54300	37
54310	37
54320	37
54330	37
54340	37
54350	37
54360	37
54370	37
54380	37
54390	37
54400	37
54410	37
54420	37
54430	37
54440	37
54450	37
54460	38
54470	38
54480	39
54490	40
54500	40
54510	41
54520	42
54530	43
54540	43
54550	44
54560	45
54570	45
54580	46
54590	46
54600	46
54610	46
54620	46
54630	46
54640	46
54650	46
54660	46
54670	46
54680	46
54690	46
54700	46
54710	46
54720	46
54730	46
54740	46
54750	46
54760	46
54770	46
54780	46
54790	46
54800	46
54810	46
54820	46
54830	46
54840	46
54850	46
54860	46
54870	46
54880	46
54890	46
54900	46
54910	46
54920	46
54930	46
54940	46
54950	46
54960	46
54970	46
54980	46
54990	46
55000	46
55010	46
55020	46
55030	46
55040	46
55050	46
55060	46
55070	46
55080	46
55090	46
55100	46
55110	46
55120	46
55130	46
55140	46
55150	46
55160	46
55170	46
55180	46
55190	46
55200	46
55210	46
55220	46
55230	46
55240	46
55250	46
55260	46
55270	46
55280	46
55290	46
55300	46
55310	46
55320	46
55330	46
55340	46
55350	46
55360	46
55370	46
55380	46
55390	46
55400	46
55410	46
55420	46
55430	46
55440	46
55450	46
55460	46
55470	46
55480	46
55490	46
55500	46
55510	46
55520	46
55530	46
55540	47
55550	47
55560	48
55570	48
55580	48
55590	49
55600	49
55610	50
55620	50
55630	50
55640	50
55650	50
55660	50
55670	50
55680	50
55690	50
55700	50
55710	50
55720	50
55730	50
55740	50
55750	50
55760	50
55770	50
55780	50
55790	50
55800	50
55810	50
55820	50
55830	50
55840	50
55850	50
55860	50
55870	50
55880	50
55890	50
55900	50
55910	50
55920	50
55930	50
55940	50
55950	50
55960	50
55970	50
55980	50
55990	50
56000	50
56010	50
56020	50
56030	50
56040	50
56050	50
56060	50
56070	50
56080	50
56090	50
56100	50
56110	50
56120	50
56130	50
56140	50
56150	50
56160	50
56170	50
56180	50
56190	50
56200	50
56210	50
56220	50
56230	50
56240	50
56250	50
56260	50
56270	50
56280	50
56290	50
56300	50
56310	50
56320	50
56330	50
56340	50
56350	50
56360	50
56370	50
56380	50
56390	50
56400	50
56410	50
56420	50
56430	50
56440	50
56450	50
56460	50
56470	50
56480	50
56490	50
56500	50
56510	50
56520	50
56530	50
56540	50
56550	50
56560	50
56570	50
56580	50
56590	50
56600	50
56610	50
56620	50
56630	50
56640	51
56650	52
56660	52
56670	53
56680	54
56690	55
56700	56
56710	56
56720	57
56730	58
56740	59
56750	60
56760	60
56770	61
56780	62
56790	62
56800	62
56810	62
56820	62
56830	62
56840	62
56850	62
56860	62
56870	62
56880	62
56890	62
56900	62
56910	62
56920	62
56930	62
56940	62
56950	62
56960	62
56970	62
56980	62
56990	62
57000	62
57010	62
57020	62
57030	62
57040	62
57050	62
57060	62
57070	62
57080	62
57090	62
57100	62
57110	62
57120	62
57130	62
57140	62
57150	62
57160	62
57170	62
57180	62
57190	62
57200	62
57210	62
57220	62
57230	62
57240	62
57250	62
57260	62
57270	62
57280	62
57290	62
57300	62
57310	62
57320	62
57330	62
57340	62
57350	62
57360	62
57370	62
57380	62
57390	62
57400	62
57410	62
57420	62
57430	62
57440	62
57450	62
57460	62
57470	62
57480	62
57490	62
57500	62
57510	62
57520	62
57530	62
57540	62
57550	62
57560	62
57570	62
57580	62
57590	62
57600	62
57610	62
57620	62
57630	62
57640	62
57650	62
57660	62
57670	62
57680	62
57690	62
57700	62
57710	62
57720	62
57730	62
57740	62
57750	62
57760	62
57770	62
57780	62
57790	62
57800	62
57810	62
57820	62
57830	62
57840	62
57850	62
57860	62
57870	62
57880	62
57890	62
57900	62
57910	62
57920	61
57930	60
57940	59
57950	58
57960	57
57970	56
57980	55
57990	54
58000	53
58010	52
58020	51
58030	50
58040	49
58050	48
58060	47
58070	46
58080	45
58090	44
58100	43
58110	42
58120	41
58130	40
58140	39
58150	38
58160	37
58170	36
58180	35
58190	34
58200	33
58210	32
58220	31
58230	30
58240	29
58250	28
58260	27
58270	27
58280	27
58290	27
58300	27
58310	27
58320	27
58330	27
58340	27
58350	27
58360	27
58370	27
58380	27
58390	27
58400	27
58410	27
58420	27
58430	27
58440	27
58450	27
58460	27
58470	27
58480	27
58490	27
58500	27
58510	27
58520	27
58530	27
58540	27
58550	27
58560	27
58570	27
58580	27
58590	27
58600	27
58610	27
58620	27
58630	27
58640	27
58650	27
58660	27
58670	27
58680	27
58690	27
58700	27
58710	27
58720	27
58730	27
58740	27
58750	27
58760	27
58770	27
58780	27
58790	27
58800	27
58810	27
58820	28
58830	29
58840	30
58850	30
58860	31
58870	32
58880	33
58890	34
58900	35
58910	35
58920	36
58930	37
58940	38
58950	38
58960	38
58970	38
58980	38
58990	38
59000	38
59010	38
59020	38
59030	38
59040	38
59050	38
59060	38
59070	38
59080	38
59090	38
59100	38
59110	38
59120	38
59130	38
59140	38
59150	38
59160	38
59170	38
59180	38
59190	38
59200	38
59210	38
59220	38
59230	38
59240	38
59250	38
59260	38
59270	38
59280	38
59290	38
59300	38
59310	38
59320	38
59330	38
59340	38
59350	38
59360	38
59370	38
59380	38
59390	38
59400	38
59410	38
59420	38
59430	38
59440	38
59450	38
59460	38
59470	38
59480	38
59490	38
59500	38
59510	38
59520	38
59530	38
59540	38
59550	38
59560	38
59570	38
59580	38
59590	38
59600	38
59610	38
59620	38
59630	38
59640	38
59650	38
59660	38
59670	38
59680	38
59690	38
59700	38
59710	38
59720	39
59730	40
59740	41
59750	42
59760	43
59770	44
59780	45
59790	46
59800	47
59810	48
59820	49
59830	50
59840	51
59850	52
59860	53
59870	54
59880	55
59890	56
59900	57
59910	58
59920	59
59930	60
59940	61
59950	62
59960	63
59970	64
59980	65
59990	66
60000	67
60010	68
60020	69
60030	70
60040	71
60050	72
60060	73
60070	74
60080	75
60090	76
60100	77
60110	78
60120	79
60130	80
60140	81
60150	82
60160	83
60170	84
60180	85
60190	86
60200	87
60210	87
60220	87
60230	87
60240	87
60250	87
60260	87
60270	87
60280	87
60290	87
60300	87
60310	87
60320	87
60330	87
60340	87
60350	87
60360	87
60370	87
60380	87
60390	87
60400	87
60410	87
60420	87
60430	87
60440	87
60450	87
60460	87
60470	87
60480	87
60490	87
60500	87
60510	87
60520	87
60530	87
60540	87
60550	87
60560	87
60570	87
60580	87
60590	87
60600	87
60610	87
60620	87
60630	87
60640	87
60650	87
60660	87
60670	87
60680	87
60690	87
60700	87
60710	87
60720	87
60730	87
60740	87
60750	87
60760	87
60770	87
60780	87
60790	87
60800	87
60810	87
60820	87
60830	87
60840	87
60850	87
60860	87
60870	87
60880	87
60890	87
60900	87
60910	87
60920	87
60930	87
60940	87
60950	87
60960	87
60970	87
60980	87
60990	87
61000	87
61010	87
61020	87
61030	87
61040	87
61050	87
61060	87
61070	87
61080	87
61090	87
61100	87
61110	87
61120	87
61130	87
61140	87
61150	87
61160	87
61170	87
61180	87
61190	87
61200	87
61210	87
61220	87
61230	87
61240	87
61250	87
61260	87
61270	87
61280	87
61290	87
61300	87
61310	87
61320	87
61330	87
61340	87
61350	87
61360	87
61370	87
61380	87
61390	87
61400	87
61410	87
61420	87
61430	87
61440	87
61450	87
61460	87
61470	87
61480	87
61490	87
61500	87
61510	87
61520	87
61530	87
61540	87
61550	87
61560	87
61570	87
61580	87
61590	87
61600	87
61610	87
61620	86
61630	86
61640	85
61650	85
61660	84
61670	84
61680	83
61690	83
61700	82
61710	82
61720	81
61730	81
61740	80
61750	80
61760	79
61770	79
61780	79
61790	79
61800	79
61810	79
61820	79
61830	79
61840	79
61850	79
61860	79
61870	79
61880	79
61890	79
61900	79
61910	79
61920	79
61930	79
61940	79
61950	79
61960	79
61970	79
61980	79
61990	79
62000	79
62010	79
62020	79
62030	79
62040	79
62050	79
62060	79
62070	79
62080	79
62090	79
62100	79
62110	79
62120	79
62130	79
62140	79
62150	79
62160	79
62170	79
62180	79
62190	79
62200	79
62210	79
62220	79
62230	79
62240	79
62250	79
62260	79
62270	79
62280	79
62290	79
62300	79
62310	79
62320	79
62330	79
62340	79
62350	79
62360	79
62370	79
62380	79
62390	79
62400	79
62410	79
62420	79
62430	79
62440	79
62450	79
62460	79
62470	79
62480	79
62490	79
62500	79
62510	79
62520	79
62530	79
62540	79
62550	79
62560	79
62570	79
62580	79
62590	79
62600	79
62610	79
62620	79
62630	79
62640	79
62650	79
62660	79
62670	79
62680	79
62690	79
62700	79
62710	79
62720	79
62730	79
62740	79
62750	79
62760	79
62770	79
62780	79
62790	79
62800	79
62810	79
62820	79
62830	79
62840	79
62850	79
62860	79
62870	79
62880	79
62890	79
62900	79
62910	79
62920	79
62930	79
62940	79
62950	79
62960	79
62970	79
62980	79
62990	79
63000	79
63010	79
63020	79
63030	79
63040	79
63050	79
63060	79
63070	79
63080	79
63090	79
63100	79
63110	79
63120	79
63130	79
63140	79
63150	79
63160	79
63170	79
63180	79
63190	79
63200	79
63210	79
63220	79
63230	79
63240	79
63250	79
63260	79
63270	79
63280	79
63290	79
63300	79
63310	79
63320	79
63330	79
63340	79
63350	79
63360	79
63370	80
63380	81
63390	82
63400	83
63410	84
63420	85
63430	86
63440	87
63450	88
63460	89
63470	90
63480	91
63490	92
63500	93
63510	94
63520	95
63530	96
63540	97
63550	98
63560	99
63570	100
63580	101
63590	102
63600	103
63610	104
63620	105
63630	106
63640	107
63650	108
63660	109
63670	110
63680	111
63690	111
63700	111
63710	111
63720	111
63730	111
63740	111
63750	111
63760	111
63770	111
63780	111
63790	111
63800	111
63810	111
63820	111
63830	111
63840	111
63850	111
63860	111
63870	111
63880	111
63890	111
63900	111
63910	111
63920	111
63930	111
63940	111
63950	111
63960	111
63970	111
63980	111
63990	111
64000	111
64010	111
64020	111
64030	111
64040	111
64050	111
64060	111
64070	111
64080	111
64090	111
64100	111
64110	111
64120	111
64130	111
64140	111
64150	111
64160	111
64170	111
64180	111
64190	111
64200	111
64210	111
64220	111
64230	111
64240	111
64250	111
64260	111
64270	111
64280	111
64290	111
64300	111
64310	111
64320	111
64330	111
64340	111
64350	111
64360	111
64370	111
64380	111
64390	111
64400	111
64410	111
64420	111
64430	111
64440	111
64450	111
64460	111
64470	111
64480	111
64490	111
64500	111
64510	111
64520	111
64530	111
64540	111
64550	111
64560	111
64570	111
64580	111
64590	111
64600	111
64610	111
64620	111
64630	111
64640	111
64650	111
64660	111
64670	111
64680	111
64690	111
64700	111
64710	111
64720	111
64730	111
64740	111
64750	111
64760	111
64770	111
64780	111
64790	111
64800	111
64810	111
64820	111
64830	111
64840	111
64850	111
64860	111
64870	111
64880	111
64890	111
64900	111
64910	111
64920	111
64930	111
64940	111
64950	111
64960	111
64970	111
64980	111
64990	111
65000	111
65010	111
65020	111
65030	111
65040	111
65050	111
65060	111
65070	111
65080	111
65090	111
65100	111
65110	111
65120	111
65130	111
65140	111
65150	111
65160	111
65170	111
65180	111
65190	111
65200	111
65210	111
65220	111
65230	111
65240	111
65250	111
65260	111
65270	111
65280	111
65290	111
65300	111
65310	111
65320	111
65330	111
65340	111
65350	111
65360	111
65370	111
65380	111
65390	111
65400	111
65410	111
65420	111
65430	111
65440	111
65450	111
65460	111
65470	111
65480	111
65490	111
65500	111
65510	111
65520	111
65530	111
65540	111
65550	111
65560	111
65570	111
65580	111
65590	111
65600	111
65610	111
65620	111
65630	111
65640	111
65650	111
65660	111
65670	111
65680	111
65690	111
65700	111
65710	110
65720	110
65730	109
65740	109
65750	108
65760	108
65770	107
65780	107
65790	106
65800	106
65810	105
65820	104
65830	104
65840	103
65850	103
65860	102
65870	102
65880	101
65890	101
65900	100
65910	100
65920	99
65930	99
65940	98
65950	98
65960	98
65970	98
65980	98
65990	98
66000	98
66010	98
66020	98
66030	98
66040	98
66050	98
66060	98
66070	98
66080	98
66090	98
66100	98
66110	98
66120	98
66130	98
66140	98
66150	98
66160	98
66170	98
66180	98
66190	98
66200	98
66210	98
66220	98
66230	98
66240	98
66250	98
66260	98
66270	98
66280	98
66290	98
66300	98
66310	98
66320	98
66330	98
66340	98
66350	98
66360	98
66370	98
66380	98
66390	98
66400	98
66410	98
66420	98
66430	98
66440	98
66450	98
66460	98
66470	98
66480	98
66490	98
66500	98
66510	98
66520	98
66530	98
66540	98
66550	98
66560	98
66570	98
66580	98
66590	98
66600	98
66610	98
66620	98
66630	98
66640	98
66650	98
66660	98
66670	98
66680	98
66690	98
66700	98
66710	98
66720	98
66730	98
66740	98
66750	98
66760	98
66770	98
66780	98
66790	98
66800	98
66810	98
66820	98
66830	98
66840	98
66850	98
66860	98
66870	98
66880	98
66890	98
66900	98
66910	98
66920	98
66930	98
66940	98
66950	98
66960	98
66970	98
66980	98
66990	98
67000	98
67010	98
67020	98
67030	98
67040	98
67050	98
67060	98
67070	98
67080	98
67090	98
67100	98
67110	98
67120	98
67130	98
67140	98
67150	98
67160	98
67170	98
67180	98
67190	98
67200	98
67210	98
67220	98
67230	98
67240	98
67250	98
67260	98
67270	98
67280	98
67290	98
67300	98
67310	98
67320	98
67330	98
67340	98
67350	98
67360	98
67370	98
67380	98
67390	98
67400	98
67410	98
67420	98
67430	98
67440	98
67450	98
67460	98
67470	98
67480	98
67490	98
67500	98
67510	98
67520	98
67530	98
67540	98
67550	98
67560	98
67570	98
67580	98
67590	98
67600	98
67610	98
67620	98
67630	98
67640	98
67650	98
67660	98
67670	98
67680	98
67690	98
67700	98
67710	98
67720	98
67730	98
67740	98
67750	98
67760	98
67770	98
67780	98
67790	98
67800	98
67810	98
67820	98
67830	98
67840	98
67850	98
67860	98
67870	98
67880	98
67890	98
67900	98
67910	98
67920	98
67930	99
67940	100
67950	101
67960	102
67970	103
67980	104
67990	105
68000	106
68010	107
68020	108
68030	109
68040	110
68050	111
68060	112
68070	113
68080	114
68090	115
68100	116
68110	117
68120	118
68130	119
68140	120
68150	121
68160	122
68170	123
68180	124
68190	125
68200	126
68210	127
68220	128
68230	129
68240	130
68250	131
68260	132
68270	133
68280	134
68290	135
68300	136
68310	137
68320	138
68330	139
68340	140
68350	141
68360	141
68370	141
68380	141
68390	141
68400	141
68410	141
68420	141
68430	141
68440	141
68450	141
68460	141
68470	141
68480	141
68490	141
68500	141
68510	141
68520	141
68530	141
68540	141
68550	141
68560	141
68570	141
68580	141
68590	141
68600	141
68610	141
68620	141
68630	141
68640	141
68650	141
68660	141
68670	141
68680	141
68690	141
68700	141
68710	141
68720	141
68730	141
68740	141
68750	141
68760	141
68770	141
68780	141
68790	141
68800	141
68810	141
68820	141
68830	141
68840	141
68850	141
68860	141
68870	141
68880	141
68890	141
68900	141
68910	141
68920	141
68930	141
68940	141
68950	141
68960	141
68970	141
68980	141
68990	141
69000	141
69010	141
69020	141
69030	141
69040	141
69050	141
69060	141
69070	141
69080	141
69090	141
69100	141
69110	141
69120	141
69130	141
69140	141
69150	141
69160	141
69170	141
69180	141
69190	141
69200	141
69210	141
69220	141
69230	141
69240	141
69250	141
69260	141
69270	141
69280	141
69290	141
69300	141
69310	141
69320	141
69330	141
69340	141
69350	141
69360	141
69370	141
69380	141
69390	141
69400	141
69410	141
69420	141
69430	141
69440	141
69450	141
69460	141
69470	141
69480	141
69490	141
69500	141
69510	141
69520	141
69530	141
69540	141
69550	141
69560	141
69570	141
69580	141
69590	141
69600	141
69610	141
69620	141
69630	141
69640	141
69650	141
69660	141
69670	141
69680	141
69690	141
69700	141
69710	141
69720	141
69730	141
69740	141
69750	141
69760	141
69770	141
69780	141
69790	141
69800	141
69810	141
69820	141
69830	141
69840	141
69850	141
69860	141
69870	141
69880	141
69890	141
69900	141
69910	141
69920	141
69930	141
69940	141
69950	141
69960	141
69970	141
69980	141
69990	141
70000	141
70010	141
70020	141
70030	141
70040	141
70050	141
70060	141
70070	141
70080	141
70090	141
70100	141
70110	141
70120	141
70130	141
70140	141
70150	141
70160	141
70170	141
70180	141
70190	141
70200	141
70210	141
70220	141
70230	141
70240	141
70250	141
70260	141
70270	141
70280	141
70290	141
70300	141
70310	141
70320	141
70330	141
70340	141
70350	141
70360	141
70370	141
70380	141
70390	141
70400	141
70410	141
70420	141
70430	141
70440	141
70450	141
70460	141
70470	141
70480	141
70490	141
70500	141
70510	141
70520	141
70530	141
70540	141
70550	141
70560	141
70570	141
70580	141
70590	141
70600	141
70610	141
70620	141
70630	141
70640	141
70650	141
70660	141
70670	141
70680	141
70690	141
70700	141
70710	141
70720	141
70730	141
70740	141
70750	141
70760	141
70770	141
70780	141
70790	141
70800	141
70810	141
70820	141
70830	141
70840	141
70850	141
70860	141
70870	141
70880	141
70890	141
70900	141
70910	141
70920	141
70930	141
70940	141
70950	141
70960	141
70970	141
70980	142
70990	143
71000	144
71010	145
71020	146
71030	147
71040	148
71050	149
71060	150
71070	151
71080	152
71090	153
71100	154
71110	154
71120	154
71130	154
71140	154
71150	154
71160	154
71170	154
71180	154
71190	154
71200	154
71210	154
71220	154
71230	154
71240	154
71250	154
71260	154
71270	154
71280	154
71290	154
71300	154
71310	154
71320	154
71330	154
71340	154
71350	154
71360	154
71370	154
71380	154
71390	154
71400	154
71410	154
71420	154
71430	154
71440	154
71450	154
71460	154
71470	154
71480	154
71490	154
71500	154
71510	154
71520	154
71530	154
71540	154
71550	154
71560	154
71570	154
71580	154
71590	154
71600	154
71610	154
71620	154
71630	154
71640	154
71650	154
71660	154
71670	154
71680	154
71690	154
71700	154
71710	154
71720	154
71730	154
71740	154
71750	154
71760	154
71770	154
71780	154
71790	154
71800	154
71810	154
71820	154
71830	154
71840	154
71850	154
71860	154
71870	154
71880	154
71890	154
71900	154
71910	154
71920	154
71930	154
71940	154
71950	154
71960	154
71970	154
71980	154
71990	154
72000	154
72010	154
72020	154
72030	154
72040	154
72050	154
72060	154
72070	154
72080	154
72090	154
72100	154
72110	154
72120	154
72130	154
72140	154
72150	154
72160	154
72170	154
72180	154
72190	154
72200	154
72210	154
72220	154
72230	154
72240	154
72250	154
72260	154
72270	154
72280	154
72290	154
72300	154
72310	154
72320	154
72330	154
72340	154
72350	154
72360	154
72370	154
72380	154
72390	154
72400	154
72410	154
72420	154
72430	154
72440	154
72450	154
72460	154
72470	154
72480	154
72490	154
72500	154
72510	154
72520	154
72530	154
72540	154
72550	154
72560	154
72570	154
72580	154
72590	154
72600	154
72610	154
72620	154
72630	154
72640	154
72650	154
72660	154
72670	154
72680	154
72690	154
72700	154
72710	154
72720	154
72730	154
72740	154
72750	154
72760	154
72770	154
72780	154
72790	154
72800	154
72810	154
72820	154
72830	154
72840	154
72850	154
72860	154
72870	154
72880	154
72890	154
72900	154
72910	154
72920	154
72930	154
72940	154
72950	154
72960	154
72970	154
72980	154
72990	154
73000	154
73010	154
73020	154
73030	154
73040	154
73050	154
73060	154
73070	154
73080	154
73090	154
73100	154
73110	154
73120	154
73130	154
73140	154
73150	154
73160	154
73170	154
73180	154
73190	153
73200	152
73210	151
73220	150
73230	149
73240	148
73250	147
73260	146
73270	145
73280	144
73290	143
73300	142
73310	141
73320	140
73330	139
73340	138
73350	137
73360	136
73370	135
73380	134
73390	133
73400	132
73410	131
73420	130
73430	129
73440	128
73450	127
73460	126
73470	125
73480	124
73490	123
73500	122
73510	121
73520	120
73530	119
73540	118
73550	117
73560	116
73570	115
73580	114
73590	113
73600	112
73610	111
73620	110
73630	109
73640	108
73650	107
73660	106
73670	105
73680	104
73690	103
73700	102
73710	101
73720	100
73730	99
73740	98
73750	97
73760	96
73770	95
73780	94
73790	93
73800	92
73810	91
73820	90
73830	89
73840	88
73850	87
73860	86
73870	85
73880	84
73890	83
73900	82
73910	81
73920	80
73930	79
73940	78
73950	77
73960	76
73970	75
73980	74
73990	73
74000	72
74010	71
74020	70
74030	69
74040	68
74050	67
74060	66
74070	65
74080	64
74090	63
74100	62
74110	61
74120	60
74130	59
74140	58
74150	57
74160	56
74170	55
74180	54
74190	53
74200	52
74210	51
74220	50
74230	49
74240	48
74250	47
74260	46
74270	45
74280	44
74290	44
74300	44
74310	44
74320	44
74330	44
74340	44
74350	44
74360	44
74370	44
74380	44
74390	44
74400	44
74410	44
74420	44
74430	44
74440	44
74450	44
74460	44
74470	44
74480	44
74490	44
74500	44
74510	44
74520	44
74530	44
74540	44
74550	44
74560	44
74570	44
74580	44
74590	44
74600	44
74610	44
74620	44
74630	44
74640	44
74650	44
74660	44
74670	44
74680	44
74690	44
74700	44
74710	44
74720	44
74730	44
74740	44
74750	44
74760	44
74770	44
74780	44
74790	44
74800	44
74810	44
74820	44
74830	44
74840	44
74850	44
74860	44
74870	44
74880	44
74890	44
74900	44
74910	44
74920	44
74930	44
74940	44
74950	44
74960	44
74970	44
74980	44
74990	44
75000	44
75010	44
75020	44
75030	44
75040	44
75050	44
75060	44
75070	44
75080	44
75090	44
75100	44
75110	44
75120	44
75130	44
75140	44
75150	44
75160	44
75170	44
75180	45
75190	46
75200	47
75210	48
75220	49
75230	50
75240	51
75250	52
75260	53
75270	54
75280	55
75290	56
75300	57
75310	58
75320	59
75330	60
75340	61
75350	62
75360	63
75370	64
75380	65
75390	66
75400	67
75410	68
75420	69
75430	70
75440	71
75450	72
75460	73
75470	74
75480	75
75490	76
75500	77
75510	78
75520	79
75530	80
75540	81
75550	82
75560	83
75570	84
75580	85
75590	86
75600	87
75610	88
75620	89
75630	90
75640	91
75650	92
75660	93
75670	94
75680	95
75690	96
75700	97
75710	98
75720	99
75730	100
75740	101
75750	102
75760	103
75770	104
75780	105
75790	106
75800	107
75810	108
75820	109
75830	110
75840	111
75850	112
75860	113
75870	114
75880	115
75890	116
75900	117
75910	118
75920	119
75930	120
75940	121
75950	122
75960	123
75970	124
75980	124
75990	124
76000	124
76010	124
76020	124
76030	124
76040	124
76050	124
76060	124
76070	124
76080	124
76090	124
76100	124
76110	124
76120	124
76130	124
76140	124
76150	124
76160	124
76170	124
76180	124
76190	124
76200	124
76210	124
76220	124
76230	124
76240	124
76250	124
76260	124
76270	124
76280	124
76290	124
76300	124
76310	124
76320	124
76330	124
76340	124
76350	124
76360	124
76370	124
76380	124
76390	124
76400	124
76410	124
76420	124
76430	124
76440	124
76450	124
76460	124
76470	124
76480	124
76490	124
76500	124
76510	124
76520	124
76530	124
76540	124
76550	124
76560	124
76570	124
76580	124
76590	124
76600	124
76610	124
76620	124
76630	124
76640	124
76650	124
76660	124
76670	124
76680	124
76690	124
76700	124
76710	124
76720	124
76730	124
76740	124
76750	124
76760	124
76770	124
76780	124
76790	124
76800	124
76810	124
76820	124
76830	124
76840	124
76850	124
76860	124
76870	124
76880	124
76890	124
76900	124
76910	124
76920	124
76930	124
76940	124
76950	124
76960	124
76970	124
76980	124
76990	124
77000	124
77010	124
77020	124
77030	124
77040	124
77050	124
77060	124
77070	124
77080	124
77090	124
77100	124
77110	124
77120	124
77130	124
77140	124
77150	124
77160	124
77170	124
77180	124
77190	124
77200	124
77210	124
77220	124
77230	124
77240	124
77250	124
77260	124
77270	124
77280	124
77290	124
77300	124
77310	124
77320	124
77330	124
77340	124
77350	124
77360	124
77370	124
77380	124
77390	124
77400	124
77410	124
77420	124
77430	124
77440	124
77450	124
77460	124
77470	123
77480	122
77490	121
77500	120
77510	119
77520	118
77530	117
77540	116
77550	115
77560	114
77570	113
77580	112
77590	111
77600	110
77610	109
77620	108
77630	107
77640	106
77650	105
77660	104
77670	103
77680	102
77690	101
77700	100
77710	99
77720	98
77730	97
77740	96
77750	95
77760	94
77770	93
77780	92
77790	91
77800	90
77810	89
77820	88
77830	87
77840	86
77850	85
77860	84
77870	83
77880	82
77890	81
77900	80
77910	80
77920	80
77930	80
77940	80
77950	80
77960	80
77970	80
77980	80
77990	80
78000	80
78010	80
78020	80
78030	80
78040	80
78050	80
78060	80
78070	80
78080	80
78090	80
78100	80
78110	80
78120	80
78130	80
78140	80
78150	80
78160	80
78170	80
78180	80
78190	80
78200	80
78210	80
78220	80
78230	80
78240	80
78250	80
78260	80
78270	80
78280	80
78290	80
78300	80
78310	80
78320	80
78330	80
78340	80
78350	80
78360	80
78370	80
78380	80
78390	80
78400	80
78410	80
78420	80
78430	80
78440	80
78450	80
78460	80
78470	80
78480	80
78490	80
78500	80
78510	80
78520	80
78530	80
78540	80
78550	80
78560	80
78570	80
78580	80
78590	80
78600	80
78610	80
78620	80
78630	80
78640	80
78650	80
78660	80
78670	80
78680	80
78690	80
78700	80
78710	80
78720	80
78730	80
78740	80
78750	80
78760	80
78770	80
78780	80
78790	80
78800	80
78810	80
78820	80
78830	80
78840	80
78850	80
78860	80
78870	80
78880	80
78890	80
78900	80
78910	80
78920	80
78930	80
78940	80
78950	80
78960	80
78970	80
78980	80
78990	80
79000	80
79010	80
79020	80
79030	80
79040	80
79050	80
79060	80
79070	80
79080	80
79090	80
79100	80
79110	80
79120	80
79130	80
79140	80
79150	80
79160	80
79170	80
79180	80
79190	80
79200	80
79210	80
79220	80
79230	80
79240	80
79250	80
79260	80
79270	80
79280	80
79290	80
79300	80
79310	80
79320	80
79330	80
79340	80
79350	80
79360	80
79370	80
79380	80
79390	80
79400	80
79410	80
79420	80
79430	80
79440	80
79450	80
79460	80
79470	80
79480	80
79490	80
79500	80
79510	80
79520	80
79530	81
79540	82
79550	83
79560	84
79570	85
79580	86
79590	87
79600	88
79610	89
79620	90
79630	91
79640	92
79650	93
79660	94
79670	95
79680	96
79690	97
79700	98
79710	99
79720	100
79730	101
79740	102
79750	103
79760	104
79770	105
79780	106
79790	107
79800	108
79810	109
79820	110
79830	111
79840	112
79850	113
79860	114
79870	115
79880	116
79890	117
79900	118
79910	119
79920	120
79930	121
79940	122
79950	123
79960	124
79970	125
79980	126
79990	127
80000	127
80010	127
80020	127
80030	127
80040	127
80050	127
80060	127
80070	127
80080	127
80090	127
80100	127
80110	127
80120	127
80130	127
80140	127
80150	127
80160	127
80170	127
80180	127
80190	127
80200	127
80210	127
80220	127
80230	127
80240	127
80250	127
80260	127
80270	127
80280	127
80290	127
80300	127
80310	127
80320	127
80330	127
80340	127
80350	127
80360	127
80370	127
80380	127
80390	127
80400	127
80410	127
80420	127
80430	127
80440	127
80450	127
80460	127
80470	127
80480	127
80490	127
80500	127
80510	127
80520	127
80530	127
80540	127
80550	127
80560	127
80570	127
80580	127
80590	127
80600	127
80610	127
80620	127
80630	127
80640	127
80650	127
80660	127
80670	127
80680	127
80690	127
80700	127
80710	127
80720	127
80730	127
80740	127
80750	127
80760	127
80770	127
80780	127
80790	127
80800	127
80810	127
80820	127
80830	127
80840	127
80850	127
80860	127
80870	127
80880	127
80890	127
80900	127
80910	127
80920	127
80930	127
80940	127
80950	127
80960	127
80970	127
80980	127
80990	127
81000	127
81010	127
81020	127
81030	127
81040	127
81050	127
81060	127
81070	127
81080	127
81090	127
81100	127
81110	127
81120	127
81130	127
81140	127
81150	127
81160	127
81170	127
81180	127
81190	127
81200	127
81210	127
81220	127
81230	127
81240	127
81250	127
81260	127
81270	127
81280	127
81290	127
81300	127
81310	127
81320	127
81330	127
81340	127
81350	127
81360	127
81370	127
81380	127
81390	127
81400	127
81410	127
81420	127
81430	127
81440	127
81450	127
81460	127
81470	127
81480	127
81490	127
81500	127
81510	127
81520	127
81530	127
81540	127
81550	127
81560	127
81570	127
81580	127
81590	127
81600	127
81610	127
81620	127
81630	127
81640	127
81650	127
81660	127
81670	127
81680	127
81690	127
81700	127
81710	127
81720	127
81730	127
81740	127
81750	127
81760	127
81770	127
81780	127
81790	127
81800	127
81810	127
81820	127
81830	127
81840	127
81850	127
81860	127
81870	127
81880	127
81890	127
81900	127
81910	127
81920	127
81930	127
81940	127
81950	127
81960	127
81970	127
81980	127
81990	127
82000	127
82010	127
82020	127
82030	127
82040	127
82050	127
82060	127
82070	127
82080	127
82090	127
82100	127
82110	127
82120	127
82130	127
82140	127
82150	128
82160	129
82170	130
82180	130
82190	131
82200	132
82210	133
82220	134
82230	134
82240	134
82250	134
82260	134
82270	134
82280	134
82290	134
82300	134
82310	134
82320	134
82330	134
82340	134
82350	134
82360	134
82370	134
82380	134
82390	134
82400	134
82410	134
82420	134
82430	134
82440	134
82450	134
82460	134
82470	134
82480	134
82490	134
82500	134
82510	134
82520	134
82530	134
82540	134
82550	134
82560	134
82570	134
82580	134
82590	134
82600	134
82610	134
82620	134
82630	134
82640	134
82650	134
82660	134
82670	134
82680	134
82690	134
82700	134
82710	134
82720	134
82730	134
82740	134
82750	134
82760	134
82770	134
82780	134
82790	134
82800	134
82810	134
82820	134
82830	134
82840	134
82850	134
82860	134
82870	134
82880	134
82890	134
82900	134
82910	134
82920	134
82930	134
82940	134
82950	134
82960	134
82970	134
82980	134
82990	134
83000	134
83010	134
83020	134
83030	134
83040	134
83050	134
83060	134
83070	134
83080	134
83090	134
83100	134
83110	134
83120	134
83130	134
83140	134
83150	134
83160	134
83170	134
83180	134
83190	134
83200	134
83210	134
83220	134
83230	134
83240	134
83250	134
83260	134
83270	134
83280	134
83290	134
83300	134
83310	134
83320	134
83330	134
83340	134
83350	134
83360	134
83370	134
83380	134
83390	134
83400	134
83410	134
83420	134
83430	134
83440	134
83450	134
83460	134
83470	134
83480	134
83490	134
83500	134
83510	134
83520	134
83530	134
83540	134
83550	134
83560	134
83570	134
83580	134
83590	134
83600	134
83610	134
83620	134
83630	134
83640	134
83650	134
83660	134
83670	134
83680	134
83690	134
83700	134
83710	134
83720	134
83730	134
83740	134
83750	134
83760	134
83770	134
83780	134
83790	134
83800	134
83810	134
83820	134
83830	134
83840	134
83850	134
83860	134
83870	134
83880	134
83890	134
83900	134
83910	134
83920	134
83930	134
83940	134
83950	134
83960	134
83970	134
83980	134
83990	134
84000	134
84010	134
84020	134
84030	134
84040	134
84050	134
84060	134
84070	133
84080	132
84090	131
84100	130
84110	129
84120	128
84130	127
84140	126
84150	125
84160	124
84170	123
84180	122
84190	121
84200	120
84210	119
84220	118
84230	117
84240	116
84250	115
84260	114
84270	113
84280	112
84290	111
84300	110
84310	109
84320	108
84330	107
84340	106
84350	105
84360	104
84370	103
84380	102
84390	101
84400	100
84410	99
84420	98
84430	97
84440	96
84450	95
84460	94
84470	93
84480	92
84490	91
84500	90
84510	89
84520	88
84530	87
84540	86
84550	85
84560	84
84570	83
84580	82
84590	81
84600	80
84610	79
84620	78
84630	77
84640	76
84650	75
84660	74
84670	73
84680	72
84690	71
84700	70
84710	69
84720	68
84730	67
84740	66
84750	65
84760	64
84770	63
84780	62
84790	61
84800	60
84810	59
84820	58
84830	57
84840	56
84850	55
84860	54
84870	53
84880	52
84890	51
84900	50
84910	49
84920	48
84930	47
84940	46
84950	45
84960	44
84970	43
84980	42
84990	41
85000	40
85010	39
85020	38
85030	37
85040	36
85050	35
85060	34
85070	33
85080	32
85090	31
85100	30
85110	29
85120	28
85130	28
85140	28
85150	28
85160	28
85170	28
85180	28
85190	28
85200	28
85210	28
85220	28
85230	28
85240	28
85250	28
85260	28
85270	28
85280	28
85290	28
85300	28
85310	28
85320	28
85330	28
85340	28
85350	28
85360	28
85370	28
85380	28
85390	28
85400	28
85410	28
85420	28
85430	27
85440	26
85450	25
85460	24
85470	23
85480	22
85490	21
85500	20
85510	19
85520	18
85530	17
85540	16
85550	15
85560	14
85570	13
85580	12
85590	11
85600	10
85610	9
85620	8
85630	7
85640	6
85650	5
85660	4
85670	3
85680	2
85690	1
85700	28
