33,04000000000	0,00000444311
55,98000000000	0,00000442106
80,31500000000	0,00000439870
106,84500000000	0,00000438126
131,78000000000	0,00000432120
154,32000000000	0,00000429002
180,45000000000	0,00000428313
206,38000000000	0,00000423737
232,11000000000	0,00000421928
259,04000000000	0,00000417555
285,17000000000	0,00000413459
311,10500000000	0,00000411195
339,22500000000	0,00000408533
366,35500000000	0,00000409862
392,68500000000	0,00000409298
420,41000000000	0,00000410785
444,95000000000	0,00000411361
472,67500000000	0,00000411662
499,80500000000	0,00000415177
526,93000000000	0,00000413956
552,66000000000	0,00000410323
577,79500000000	0,00000410424
606,12500000000	0,00000407680
633,05000000000	0,00000406106
657,58500000000	0,00000403716
685,71000000000	0,00000403784
711,04500000000	0,00000408807
739,17000000000	0,00000409193
767,09500000000	0,00000410016
793,22500000000	0,00000410778
818,56000000000	0,00000412251
845,69000000000	0,00000411788
872,81500000000	0,00000410558
899,94000000000	0,00000406620
927,87000000000	0,00000409207
952,80500000000	0,00000411793
982,92500000000	0,00000411193
1007,46000000000	0,00000413047
1032,39500000000	0,00000412765
1061,31500000000	0,00000417140
1085,85000000000	0,00000415549
1110,98500000000	0,00000413088
1136,52000000000	0,00000414593
1163,44500000000	0,00000413598
1190,97500000000	0,00000410632
1217,90000000000	0,00000407549
1244,23000000000	0,00000405694
1271,56000000000	0,00000405710
1298,29000000000	0,00000407306
1326,21500000000	0,00000409152
1353,34500000000	0,00000410904
1379,47000000000	0,00000413568
1404,40500000000	0,00000410560
1433,33000000000	0,00000408921
1458,26500000000	0,00000410470
1488,18500000000	0,00000412773
1513,71500000000	0,00000417841
1538,65500000000	0,00000419699
1564,18500000000	0,00000422236
1590,91500000000	0,00000420762
1617,24000000000	0,00000415412
1644,17500000000	0,00000411668
1670,90000000000	0,00000411242
1698,43000000000	0,00000412196
1724,96000000000	0,00000409544
1749,69000000000	0,00000410108
1773,63000000000	0,00000411786
1803,15000000000	0,00000413948
1828,88500000000	0,00000414059
1855,01500000000	0,00000412677
1881,94500000000	0,00000413260
1908,07500000000	0,00000410833
1935,80000000000	0,00000408915
1962,33000000000	0,00000407078
1990,25500000000	0,00000407596
2015,19000000000	0,00000409140
2043,91500000000	0,00000407233
2070,04500000000	0,00000408553
2096,57500000000	0,00000410160
2124,90000000000	0,00000414234
2151,03000000000	0,00000414770
2175,76500000000	0,00000415826
2202,89500000000	0,00000420432
2227,63000000000	0,00000421479
2253,95500000000	0,00000415409
2278,29500000000	0,00000416102
2304,42500000000	0,00000412469
2334,54000000000	0,00000408734
2358,48000000000	0,00000404839
2387,40500000000	0,00000403086
2414,73000000000	0,00000403685
2440,66000000000	0,00000404384
2468,78500000000	0,00000407087
2497,11500000000	0,00000408977
2521,64500000000	0,00000408152
2549,37500000000	0,00000408706
2575,90500000000	0,00000409757
2603,03500000000	0,00000407836
2631,35500000000	0,00000408031
2655,69000000000	0,00000408055
2683,62000000000	0,00000408453
2708,55500000000	0,00000409495
2735,88000000000	0,00000410616
2763,01000000000	0,00000413139
2788,94000000000	0,00000413487
2814,47000000000	0,00000413132
2841,80000000000	0,00000414347
2869,12500000000	0,00000411915
2896,25500000000	0,00000411482
2920,99000000000	0,00000413163
2949,11500000000	0,00000413909
2974,85000000000	0,00000412060
3000,98000000000	0,00000407559
3029,10500000000	0,00000410220
3055,63500000000	0,00000410521
3084,16000000000	0,00000412574
3108,49500000000	0,00000415358
3135,42500000000	0,00000414058
3161,15500000000	0,00000411839
3185,89000000000	0,00000407613
3212,62000000000	0,00000404334
3241,74500000000	0,00000403650
3267,27500000000	0,00000401684
3295,20000000000	0,00000403662
3322,52500000000	0,00000404155
3350,45500000000	0,00000403153
3376,18500000000	0,00000405519
3405,11000000000	0,00000404961
3431,64000000000	0,00000403918
3457,57000000000	0,00000403931
3486,29000000000	0,00000406683
3514,42000000000	0,00000406505
3540,35000000000	0,00000403981
3565,88500000000	0,00000404118
3594,20500000000	0,00000403465
3622,33500000000	0,00000402128
3649,06000000000	0,00000400968
3677,38500000000	0,00000401169
3703,11500000000	0,00000400878
3730,84500000000	0,00000403004
3759,17000000000	0,00000406538
3787,29500000000	0,00000407880
3812,63000000000	0,00000410935
3835,17000000000	0,00000410157
3862,49500000000	0,00000407436
3889,82500000000	0,00000402130
3918,35000000000	0,00000400904
3946,27500000000	0,00000400882
3974,60000000000	0,00000401375
3998,73500000000	0,00000404335
4027,86000000000	0,00000403849
4054,78500000000	0,00000402822
4081,91500000000	0,00000401494
4109,84000000000	0,00000401503
4137,36500000000	0,00000403767
4164,29500000000	0,00000404705
4192,22500000000	0,00000404190
4217,55500000000	0,00000406277
4244,88500000000	0,00000403512
4273,60500000000	0,00000404113
4298,74000000000	0,00000402109
4326,46500000000	0,00000401604
4351,60000000000	0,00000402530
4379,92500000000	0,00000399873
4407,25500000000	0,00000399482
4433,78500000000	0,00000399624
4464,10500000000	0,00000400294
4490,63500000000	0,00000402455
4517,16000000000	0,00000405764
4544,29000000000	0,00000406581
4570,42000000000	0,00000407073
4597,74500000000	0,00000405661
4625,47500000000	0,00000402377
4651,80500000000	0,00000398782
4679,73000000000	0,00000396597
4708,45500000000	0,00000396631
4737,17500000000	0,00000398895
4763,90500000000	0,00000401217
4791,03500000000	0,00000403531
4814,97500000000	0,00000404989
4840,90500000000	0,00000402025
4871,42500000000	0,00000400483
4896,95500000000	0,00000398719
4926,07500000000	0,00000398080
4952,21000000000	0,00000399709
4979,73500000000	0,00000397195
5007,86000000000	0,00000397820
5034,79000000000	0,00000399179
5064,11000000000	0,00000399195
5091,64000000000	0,00000401078
5117,37000000000	0,00000401087
5145,69500000000	0,00000400786
5173,02500000000	0,00000398850
5200,55000000000	0,00000397436
5229,27500000000	0,00000401853
5256,00500000000	0,00000405252
5283,53500000000	0,00000404973
5305,67000000000	0,00000407343
5333,00000000000	0,00000405113
5361,12500000000	0,00000404856
5388,25500000000	0,00000403401
5416,38000000000	0,00000402454
5442,91000000000	0,00000405258
5469,24000000000	0,00000404089
5497,96500000000	0,00000402572
5524,49000000000	0,00000405788
5552,41500000000	0,00000405813
5581,14500000000	0,00000406186
5604,28000000000	0,00000404472
5633,00500000000	0,00000402883
5661,53000000000	0,00000401594
5688,26000000000	0,00000397329
5715,58500000000	0,00000399801
5743,71000000000	0,00000401619
5770,44500000000	0,00000399035
5797,57000000000	0,00000396271
5824,50000000000	0,00000393443
5854,41500000000	0,00000396820
5882,54500000000	0,00000398879
5911,46500000000	0,00000401434
5934,80500000000	0,00000405472
5959,74000000000	0,00000404064
5988,46500000000	0,00000399633
6015,19500000000	0,00000394964
6044,51500000000	0,00000394093
6073,04000000000	0,00000396635
6099,57000000000	0,00000397514
6125,70000000000	0,00000400814
6154,62000000000	0,00000400719
6182,15000000000	0,00000397599
6208,88000000000	0,00000395165
6238,20000000000	0,00000394750
6265,73000000000	0,00000395062
6293,25500000000	0,00000397156
6320,98500000000	0,00000401201
6348,31000000000	0,00000402119
6375,03500000000	0,00000402524
6401,77000000000	0,00000401562
6429,69500000000	0,00000402613
6456,42000000000	0,00000402069
6482,95500000000	0,00000402156
6509,08500000000	0,00000404166
6535,81000000000	0,00000405413
6565,53500000000	0,00000403086
6590,86500000000	0,00000402620
6618,39500000000	0,00000401158
6646,52000000000	0,00000399139
6672,45000000000	0,00000395628
6701,37500000000	0,00000396756
6729,70000000000	0,00000398491
6757,62500000000	0,00000397059
6783,55500000000	0,00000399319
6812,08000000000	0,00000400307
6840,00500000000	0,00000400794
6866,73500000000	0,00000396452
6893,66500000000	0,00000394745
6921,79000000000	0,00000395136
6948,12000000000	0,00000396550
6976,44500000000	0,00000399537
7003,77000000000	0,00000401811
7030,50000000000	0,00000405623
7055,43500000000	0,00000408360
7084,76000000000	0,00000406056
7111,68500000000	0,00000401093
7137,01500000000	0,00000398797
7166,14500000000	0,00000398067
7194,86500000000	0,00000397248
7221,19500000000	0,00000394533
7250,11500000000	0,00000396505
7276,45000000000	0,00000398247
7305,37500000000	0,00000401132
7333,30000000000	0,00000406725
7359,82500000000	0,00000410313
7385,96000000000	0,00000412802
7411,49000000000	0,00000413500
7436,82500000000	0,00000408313
7463,55500000000	0,00000402165
7491,08000000000	0,00000397957
7520,00500000000	0,00000397998
7546,73000000000	0,00000398537
7575,05500000000	0,00000399618
7600,99000000000	0,00000399596
7628,71500000000	0,00000398070
7657,04000000000	0,00000398390
7684,16500000000	0,00000397856
7713,89000000000	0,00000398005
7739,02500000000	0,00000398803
7766,35000000000	0,00000401866
7795,27500000000	0,00000408146
7822,80000000000	0,00000405634
7848,53000000000	0,00000405015
7873,06500000000	0,00000406773
7903,18500000000	0,00000407165
7929,71500000000	0,00000403389
7957,84000000000	0,00000399862
7983,97500000000	0,00000398471
8012,10000000000	0,00000396356
8040,22500000000	0,00000396566
8069,14500000000	0,00000395268
8094,08000000000	0,00000398102
8119,81000000000	0,00000401391
8146,94000000000	0,00000401584
8176,06500000000	0,00000401342
8201,79500000000	0,00000402919
8230,91500000000	0,00000404106
8257,84500000000	0,00000404853
8281,78500000000	0,00000401677
8311,30500000000	0,00000400129
8339,23000000000	0,00000399065
8367,95500000000	0,00000396559
8395,68500000000	0,00000399003
8421,01500000000	0,00000400218
8449,33500000000	0,00000401238
8476,66500000000	0,00000398879
8504,79000000000	0,00000399715
8532,32000000000	0,00000400759
8561,04000000000	0,00000400772
8583,18500000000	0,00000400947
8611,31000000000	0,00000399738
8640,03000000000	0,00000396864
8667,16000000000	0,00000395661
8695,68500000000	0,00000396811
8724,60500000000	0,00000398237
8750,14000000000	0,00000397797
8776,67000000000	0,00000397850
8805,59000000000	0,00000397904
8834,31500000000	0,00000397934
8861,44500000000	0,00000398757
8888,37500000000	0,00000398982
8915,90000000000	0,00000398071
8942,43000000000	0,00000398008
8971,95000000000	0,00000397390
9000,07500000000	0,00000398326
9026,40500000000	0,00000398003
9054,53000000000	0,00000401372
9078,47000000000	0,00000404468
9106,79500000000	0,00000402832
9134,72000000000	0,00000400971
9159,05500000000	0,00000400365
9188,57500000000	0,00000397344
9217,30000000000	0,00000395019
9243,23500000000	0,00000390835
9272,55500000000	0,00000391911
9300,48000000000	0,00000395296
9328,80500000000	0,00000395645
9356,13500000000	0,00000397184
9382,86000000000	0,00000399442
9410,78500000000	0,00000399058
9439,31000000000	0,00000399470
9465,64000000000	0,00000400056
9493,17000000000	0,00000398197
9520,89500000000	0,00000397428
9547,62500000000	0,00000394862
9575,35000000000	0,00000394466
9602,08000000000	0,00000396633
9632,20000000000	0,00000397658
9657,13000000000	0,00000396955
9684,06500000000	0,00000393621
9711,38500000000	0,00000393276
9742,31000000000	0,00000391121
9771,63000000000	0,00000392958
9797,36000000000	0,00000394785
9825,68500000000	0,00000399919
9851,02000000000	0,00000401027
9879,94500000000	0,00000398199
9907,07000000000	0,00000397906
9935,79500000000	0,00000395657
9963,52000000000	0,00000394195
9990,25000000000	0,00000398152
10019,17000000000	0,00000398665
10047,69500000000	0,00000399133
10070,03500000000	0,00000399884
10098,56500000000	0,00000399214
10126,88500000000	0,00000398070
10153,21500000000	0,00000392482
10182,54000000000	0,00000389828
10210,46500000000	0,00000391872
10239,19000000000	0,00000393945
10266,71500000000	0,00000395310
10294,24000000000	0,00000394243
10320,57000000000	0,00000392467
10350,29500000000	0,00000389575
10379,01500000000	0,00000388480
10407,14000000000	0,00000389927
10436,06500000000	0,00000393893
10462,99500000000	0,00000397738
10488,92500000000	0,00000399245
10517,85000000000	0,00000398175
10545,17500000000	0,00000398814
10572,70500000000	0,00000398844
10601,23000000000	0,00000397751
10627,75500000000	0,00000395044
10654,68500000000	0,00000392072
10684,20500000000	0,00000390443
10712,33000000000	0,00000389824
10738,26500000000	0,00000391566
10767,18500000000	0,00000396385
10792,71500000000	0,00000397243
10820,84500000000	0,00000395687
10847,57500000000	0,00000396936
10878,09500000000	0,00000396988
10906,61500000000	0,00000395232
10931,95500000000	0,00000393857
10958,48000000000	0,00000397420
10988,40500000000	0,00000395871
11017,52500000000	0,00000390952
11043,25500000000	0,00000389747
11072,17500000000	0,00000393288
11100,50500000000	0,00000395786
11129,02500000000	0,00000395461
11155,15500000000	0,00000396839
11183,48000000000	0,00000396909
11210,01000000000	0,00000395316
11236,34000000000	0,00000392543
11265,06500000000	0,00000392947
11292,19500000000	0,00000390675
11321,51500000000	0,00000392693
11346,45000000000	0,00000393502
11377,96500000000	0,00000393327
11403,89500000000	0,00000392487
11432,62500000000	0,00000390896
11460,94500000000	0,00000392796
11488,67500000000	0,00000390307
11517,59500000000	0,00000391647
11544,92500000000	0,00000390508
11573,44500000000	0,00000390737
11600,37500000000	0,00000390430
11631,29500000000	0,00000391532
11657,42500000000	0,00000393555
11686,34500000000	0,00000393379
11712,87500000000	0,00000395517
11738,60500000000	0,00000396369
11766,73500000000	0,00000400225
11793,26500000000	0,00000398746
11822,19000000000	0,00000398849
11847,52000000000	0,00000401113
11875,84500000000	0,00000396735
11904,76500000000	0,00000394479
11930,10000000000	0,00000391697
11962,01500000000	0,00000388126
11987,94500000000	0,00000387994
12014,67500000000	0,00000384455
12046,79000000000	0,00000387787
12074,11500000000	0,00000390993
12103,24000000000	0,00000392688
12130,36500000000	0,00000397701
12155,10000000000	0,00000400892
12186,02000000000	0,00000400472
12212,15000000000	0,00000397707
12236,48500000000	0,00000393491
12264,21500000000	0,00000395559
12294,13500000000	0,00000395653
12322,66000000000	0,00000392090
12348,39000000000	0,00000390429
12375,12000000000	0,00000393764
12406,23500000000	0,00000395334
12435,56000000000	0,00000395843
12460,49000000000	0,00000395943
12487,62000000000	0,00000400344
12515,74500000000	0,00000398514
12543,87000000000	0,00000394803
12570,40000000000	0,00000391656
12600,32000000000	0,00000391880
12627,45000000000	0,00000392706
12656,77000000000	0,00000390953
12683,50000000000	0,00000391767
12711,22500000000	0,00000392387
12740,75000000000	0,00000395233
12767,87500000000	0,00000395923
12795,40500000000	0,00000396253
12822,53000000000	0,00000397422
12850,25500000000	0,00000392865
12879,58000000000	0,00000391158
12903,51500000000	0,00000393777
12933,63500000000	0,00000395041
12961,36000000000	0,00000397014
12985,70000000000	0,00000398727
13014,42000000000	0,00000399277
13043,54500000000	0,00000396280
13068,27500000000	0,00000391277
13098,79500000000	0,00000395038
13127,72000000000	0,00000396101
13155,84500000000	0,00000392999
13180,58000000000	0,00000391957
13210,30000000000	0,00000389624
13238,42500000000	0,00000391343
13267,95000000000	0,00000390964
13296,07500000000	0,00000393215
13321,60500000000	0,00000397348
13348,93500000000	0,00000397210
13378,65500000000	0,00000396091
13402,39000000000	0,00000394356
13431,51500000000	0,00000394550
13459,83500000000	0,00000397086
13486,76500000000	0,00000394470
13514,29500000000	0,00000394744
13542,81500000000	0,00000392073
13571,54000000000	0,00000390325
13598,07000000000	0,00000392274
13627,79000000000	0,00000394450
13654,72000000000	0,00000395839
13681,45000000000	0,00000397314
13709,17500000000	0,00000395553
13738,70000000000	0,00000394002
13764,03000000000	0,00000389583
13795,54500000000	0,00000389231
13821,28000000000	0,00000387568
13851,80000000000	0,00000387677
13878,72500000000	0,00000390719
13906,25500000000	0,00000392989
13933,58000000000	0,00000396907
13960,30500000000	0,00000397800
13987,63500000000	0,00000397555
14013,96500000000	0,00000397577
14043,29000000000	0,00000395580
14072,01000000000	0,00000394253
14098,94000000000	0,00000390944
14126,47000000000	0,00000393480
14154,79500000000	0,00000394127
14184,71500000000	0,00000391873
14210,04500000000	0,00000390747
14238,57000000000	0,00000392203
14267,49500000000	0,00000395231
14295,82000000000	0,00000393837
14323,14500000000	0,00000395284
14350,07500000000	0,00000397103
14378,80000000000	0,00000396091
14403,13500000000	0,00000393248
14431,25500000000	0,00000392721
14460,18000000000	0,00000395526
14488,70500000000	0,00000395636
14515,43500000000	0,00000396373
14541,76500000000	0,00000396534
14570,29000000000	0,00000396472
14598,61500000000	0,00000393632
14626,54000000000	0,00000388821
14654,06500000000	0,00000387492
14682,39500000000	0,00000386161
14713,11000000000	0,00000386494
14740,83500000000	0,00000387156
14768,96000000000	0,00000385949
14796,09000000000	0,00000385424
14825,21500000000	0,00000386071
14854,53500000000	0,00000387542
14884,25500000000	0,00000389950
14911,18500000000	0,00000393296
14937,91500000000	0,00000397686
14965,04000000000	0,00000397029
14993,36500000000	0,00000394993
15021,09000000000	0,00000392628
15050,81500000000	0,00000391367
15075,15000000000	0,00000393223
15103,07500000000	0,00000396303
15132,19500000000	0,00000397508
15157,53000000000	0,00000396701
15185,45500000000	0,00000393709
15212,98500000000	0,00000395047
15242,10500000000	0,00000393256
15271,42500000000	0,00000391190
15297,36000000000	0,00000390749
15324,88500000000	0,00000389965
15354,40500000000	0,00000392390
15382,53000000000	0,00000392206
15412,65000000000	0,00000394305
15437,38500000000	0,00000397275
15464,31500000000	0,00000396998
15494,03500000000	0,00000394974
15521,16500000000	0,00000390030
15550,08500000000	0,00000387855
15575,62000000000	0,00000386916
15604,14500000000	0,00000387333
15632,47000000000	0,00000387610
15662,19000000000	0,00000386177
15687,92000000000	0,00000387587
15717,84500000000	0,00000389102
15747,96000000000	0,00000392067
15774,49500000000	0,00000394342
15801,82000000000	0,00000396952
15829,94500000000	0,00000395459
15856,07500000000	0,00000387634
15884,40000000000	0,00000382702
15914,72000000000	0,00000383844
15945,43500000000	0,00000383373
15973,96000000000	0,00000385238
15998,69500000000	0,00000390485
16028,02000000000	0,00000392428
16057,34000000000	0,00000391320
16081,67500000000	0,00000387298
16110,00000000000	0,00000386165
16138,52500000000	0,00000385803
16167,65000000000	0,00000385933
16196,77000000000	0,00000387130
16225,69500000000	0,00000390138
16252,82000000000	0,00000390509
16280,54500000000	0,00000390362
16308,47500000000	0,00000390672
16337,39500000000	0,00000387926
16365,72500000000	0,00000387724
16393,64500000000	0,00000387247
16422,17000000000	0,00000386132
16450,10000000000	0,00000384104
16479,22000000000	0,00000383604
16508,54000000000	0,00000381996
16538,26500000000	0,00000383865
16565,39000000000	0,00000386988
16592,12000000000	0,00000390379
16620,24500000000	0,00000392110
16646,77500000000	0,00000391287
16675,69500000000	0,00000392044
16703,22500000000	0,00000390662
16732,74500000000	0,00000388609
16760,07500000000	0,00000389955
16788,40000000000	0,00000388488
16816,32500000000	0,00000389532
16844,65000000000	0,00000389313
16873,57500000000	0,00000389322
16901,89500000000	0,00000390193
16929,62500000000	0,00000387605
16957,75000000000	0,00000387013
16985,87500000000	0,00000385490
17015,79500000000	0,00000383864
17044,12000000000	0,00000385259
17072,64500000000	0,00000384229
17098,77500000000	0,00000385659
17126,30000000000	0,00000385257
17155,62500000000	0,00000385643
17183,95000000000	0,00000387658
17213,67000000000	0,00000385791
17240,00000000000	0,00000388745
17268,12500000000	0,00000389404
17299,04000000000	0,00000389419
17324,57500000000	0,00000389836
17353,89500000000	0,00000386836
17382,82000000000	0,00000386777
17409,15000000000	0,00000388336
17440,86500000000	0,00000390410
17468,39500000000	0,00000392740
17494,12500000000	0,00000392628
17522,25000000000	0,00000393930
17550,37500000000	0,00000390203
17578,70000000000	0,00000386037
17608,22000000000	0,00000384447
17637,54000000000	0,00000383757
17664,47000000000	0,00000384755
17693,59500000000	0,00000388248
17723,31500000000	0,00000391527
17749,04500000000	0,00000392183
17775,57500000000	0,00000392112
17802,70500000000	0,00000392654
17830,43000000000	0,00000387068
17860,35500000000	0,00000387004
17887,28000000000	0,00000384757
17918,60000000000	0,00000383211
17944,53000000000	0,00000384604
17973,65000000000	0,00000385697
18005,16500000000	0,00000385817
18030,90000000000	0,00000384558
18059,22500000000	0,00000384557
18088,94500000000	0,00000387212
18117,47000000000	0,00000386536
18144,60000000000	0,00000387398
18174,51500000000	0,00000388613
18201,64500000000	0,00000387307
18230,17000000000	0,00000387005
18257,29500000000	0,00000386003
18286,22000000000	0,00000385019
18312,95000000000	0,00000386249
18342,27500000000	0,00000387943
18370,20000000000	0,00000387827
18398,32500000000	0,00000384167
18426,64500000000	0,00000384723
18456,37000000000	0,00000387345
18486,69000000000	0,00000388256
18512,02000000000	0,00000387765
18539,15000000000	0,00000389928
18567,67500000000	0,00000389503
18598,39000000000	0,00000388099
18626,51500000000	0,00000388145
18653,44500000000	0,00000387894
18681,77000000000	0,00000390317
18708,50000000000	0,00000389478
18739,42000000000	0,00000386878
18766,94500000000	0,00000385607
18791,67500000000	0,00000382777
18821,40000000000	0,00000384681
18850,52500000000	0,00000383589
18879,84500000000	0,00000383558
18907,77000000000	0,00000386493
18935,89500000000	0,00000388305
18964,81500000000	0,00000387426
18992,94500000000	0,00000391461
19019,87000000000	0,00000390067
19050,79000000000	0,00000392384
19074,12500000000	0,00000390478
19106,24500000000	0,00000387925
19132,77000000000	0,00000387944
19162,09500000000	0,00000384468
19191,21500000000	0,00000385760
19219,54000000000	0,00000383649
19247,47000000000	0,00000383376
19275,99500000000	0,00000387145
19303,12000000000	0,00000386631
19332,04500000000	0,00000384912
19357,17500000000	0,00000384387
19387,89500000000	0,00000386176
19416,42000000000	0,00000387239
19445,54000000000	0,00000387247
19473,07000000000	0,00000387779
19500,79500000000	0,00000389819
19528,32000000000	0,00000390566
19559,04000000000	0,00000390050
19585,77000000000	0,00000391970
19613,89500000000	0,00000390560
19641,22000000000	0,00000390892
19668,75000000000	0,00000386270
19699,46500000000	0,00000384036
19727,19500000000	0,00000383391
19757,71500000000	0,00000384407
19785,04000000000	0,00000385722
19813,36500000000	0,00000385191
19840,49500000000	0,00000386388
19870,81500000000	0,00000387037
19900,53500000000	0,00000387232
19927,26000000000	0,00000389461
19955,19000000000	0,00000394619
19980,52000000000	0,00000394894
20007,65000000000	0,00000390310
20034,57500000000	0,00000386470
20064,49500000000	0,00000384346
20094,82000000000	0,00000382352
20122,54000000000	0,00000383753
20151,46500000000	0,00000384562
20180,59000000000	0,00000384746
20205,52500000000	0,00000384228
20237,24000000000	0,00000384719
20267,16000000000	0,00000384871
20293,69000000000	0,00000383267
20322,21500000000	0,00000385644
20350,93500000000	0,00000386073
20380,06000000000	0,00000383957
20409,18000000000	0,00000384359
20436,31000000000	0,00000384807
20467,23000000000	0,00000387357
20491,36500000000	0,00000387640
20520,48500000000	0,00000389159
20546,42000000000	0,00000390161
20577,33500000000	0,00000386784
20603,66500000000	0,00000386009
20632,59000000000	0,00000383781
20663,31000000000	0,00000385147
20690,83500000000	0,00000386407
20719,76000000000	0,00000387509
20747,48500000000	0,00000387778
20774,41000000000	0,00000386680
20803,53500000000	0,00000384946
20833,85500000000	0,00000383180
20860,98000000000	0,00000382597
20890,50500000000	0,00000385174
20919,03000000000	0,00000384676
20947,55000000000	0,00000382390
20974,48500000000	0,00000380488
21003,40500000000	0,00000380430
21030,73000000000	0,00000381624
21062,24500000000	0,00000386369
21087,58500000000	0,00000391885
21117,50000000000	0,00000392367
21142,83500000000	0,00000391016
21170,75500000000	0,00000384924
21201,87500000000	0,00000381064
21230,60000000000	0,00000378180
21260,32000000000	0,00000377372
21289,24500000000	0,00000382459
21316,37000000000	0,00000385699
21347,89000000000	0,00000385560
21373,62000000000	0,00000387918
21400,94500000000	0,00000390398
21433,46500000000	0,00000391730
21458,19500000000	0,00000386136
21485,72500000000	0,00000384355
21511,45500000000	0,00000385405
21543,77000000000	0,00000379919
21571,29500000000	0,00000375721
21599,02500000000	0,00000379746
21629,14500000000	0,00000383662
21660,06000000000	0,00000381850
21684,39500000000	0,00000380353
21714,91500000000	0,00000383325
21745,03500000000	0,00000384534
21774,15500000000	0,00000380191
21801,08500000000	0,00000379894
21829,41000000000	0,00000381054
21860,53000000000	0,00000381311
21890,84500000000	0,00000380339
21917,77500000000	0,00000380207
21945,70500000000	0,00000380458
21974,22500000000	0,00000383015
22004,14500000000	0,00000384445
22033,67000000000	0,00000384685
22060,39500000000	0,00000389010
22087,72500000000	0,00000389334
22118,44000000000	0,00000390488
22143,37500000000	0,00000384252
22174,89500000000	0,00000380479
22198,63000000000	0,00000380814
22229,14500000000	0,00000378507
22260,26500000000	0,00000381004
22285,79500000000	0,00000380039
22317,11500000000	0,00000381551
22342,84500000000	0,00000384389
22375,56000000000	0,00000382874
22403,48500000000	0,00000383490
22430,21500000000	0,00000381944
22458,53500000000	0,00000384116
22489,26000000000	0,00000382740
22517,78000000000	0,00000380234
22545,50500000000	0,00000379435
22575,03000000000	0,00000378520
22604,55500000000	0,00000376696
22633,27500000000	0,00000375612
22662,59500000000	0,00000378312
22692,52000000000	0,00000380027
22718,25000000000	0,00000380477
22746,17500000000	0,00000380483
22775,29500000000	0,00000380650
22804,82000000000	0,00000380487
22834,94000000000	0,00000379308
22863,26500000000	0,00000378535
22890,19000000000	0,00000380563
22920,51500000000	0,00000380209
22950,63500000000	0,00000379508
22977,96000000000	0,00000379106
23007,88000000000	0,00000380219
23035,80500000000	0,00000381027
23065,72500000000	0,00000379269
23094,05000000000	0,00000380039
23123,37500000000	0,00000379017
23152,69500000000	0,00000378404
23180,42000000000	0,00000376932
23210,74000000000	0,00000379879
23236,67000000000	0,00000382826
23267,59000000000	0,00000385280
23292,72500000000	0,00000388819
23321,44500000000	0,00000389232
23350,57000000000	0,00000385533
23377,69500000000	0,00000379888
23408,01500000000	0,00000377582
23438,14000000000	0,00000375970
23467,26000000000	0,00000376702
23495,98500000000	0,00000379052
23524,70500000000	0,00000380345
23552,83500000000	0,00000380745
23582,15500000000	0,00000377574
23612,28000000000	0,00000378486
23640,20000000000	0,00000380205
23670,91500000000	0,00000382142
23699,04500000000	0,00000383667
23725,57500000000	0,00000380772
23752,30500000000	0,00000380439
23782,22500000000	0,00000379269
23812,94500000000	0,00000375677
23841,26500000000	0,00000376435
23868,99000000000	0,00000378677
23899,71000000000	0,00000379599
23928,03500000000	0,00000380506
23956,56000000000	0,00000380936
23985,68500000000	0,00000382141
24014,21000000000	0,00000381565
24042,33500000000	0,00000379150
24072,25500000000	0,00000376212
24101,37500000000	0,00000374899
24130,49500000000	0,00000377234
24161,21500000000	0,00000379758
24190,33500000000	0,00000378105
24216,67000000000	0,00000378394
24246,19000000000	0,00000378869
24277,30500000000	0,00000378347
24306,23000000000	0,00000377525
24334,95500000000	0,00000377244
24362,68000000000	0,00000378849
24391,20500000000	0,00000379519
24422,52500000000	0,00000379057
24448,85500000000	0,00000379996
24476,18000000000	0,00000381144
24505,90000000000	0,00000381845
24533,23000000000	0,00000380071
24563,55000000000	0,00000379132
24591,87500000000	0,00000377745
24622,39000000000	0,00000377090
24649,92000000000	0,00000381880
24679,84000000000	0,00000383086
24709,96000000000	0,00000387330
24734,09500000000	0,00000387352
24765,01500000000	0,00000385531
24792,54000000000	0,00000383551
24821,46500000000	0,00000378094
24851,38500000000	0,00000379604
24880,90500000000	0,00000378529
24910,62500000000	0,00000377930
24937,35500000000	0,00000378949
24964,48500000000	0,00000377545
24993,40500000000	0,00000376033
25023,72500000000	0,00000373747
25052,45000000000	0,00000374512
25082,37000000000	0,00000377013
25111,49000000000	0,00000381076
25140,21500000000	0,00000382167
25168,94000000000	0,00000381951
25196,26500000000	0,00000381681
25226,38500000000	0,00000379884
25255,51000000000	0,00000378901
25283,83500000000	0,00000378051
25313,35500000000	0,00000378645
25342,28000000000	0,00000377744
25372,00000000000	0,00000377552
25399,92500000000	0,00000374633
25431,04500000000	0,00000372498
25458,37000000000	0,00000370313
25487,49500000000	0,00000370679
25517,01500000000	0,00000372955
25546,13500000000	0,00000376571
25574,66000000000	0,00000382119
25604,38500000000	0,00000386462
25631,11000000000	0,00000388210
25659,04000000000	0,00000387527
25688,76000000000	0,00000384579
25717,28500000000	0,00000377902
25744,81000000000	0,00000374532
25775,53000000000	0,00000373805
25806,24500000000	0,00000373680
25836,17000000000	0,00000375341
25863,89500000000	0,00000376849
25893,61500000000	0,00000379027
25921,34500000000	0,00000381165
25952,45500000000	0,00000380346
25980,18500000000	0,00000382221
26005,71500000000	0,00000379698
26035,04000000000	0,00000378888
26062,36500000000	0,00000377717
26094,28000000000	0,00000374563
26123,60500000000	0,00000375196
26151,13000000000	0,00000375521
26182,24500000000	0,00000378076
26209,77500000000	0,00000378711
26240,09500000000	0,00000377748
26268,42000000000	0,00000376000
26297,74000000000	0,00000375235
26327,06500000000	0,00000373520
26357,38000000000	0,00000370778
26386,30500000000	0,00000370199
26415,42500000000	0,00000370565
26446,74500000000	0,00000372386
26475,27000000000	0,00000372498
26505,39000000000	0,00000374580
26531,32000000000	0,00000377826
26560,84500000000	0,00000376711
26590,16500000000	0,00000378498
26618,09500000000	0,00000378339
26648,61000000000	0,00000381674
26675,94000000000	0,00000380215
26706,65500000000	0,00000379518
26732,98500000000	0,00000380423
26764,50000000000	0,00000378266
26792,22500000000	0,00000378399
26821,35000000000	0,00000378156
26852,07000000000	0,00000379019
26878,59500000000	0,00000376534
26908,32000000000	0,00000374773
26938,24000000000	0,00000376463
26967,76000000000	0,00000376215
26997,88000000000	0,00000377733
27025,60500000000	0,00000376734
27053,73500000000	0,00000376372
27083,85000000000	0,00000376367
27113,77500000000	0,00000372527
27144,69000000000	0,00000373642
27171,62000000000	0,00000375609
27202,93500000000	0,00000375831
27227,27500000000	0,00000376296
27258,19000000000	0,00000375468
27286,91500000000	0,00000376188
27317,03500000000	0,00000375093
27344,76000000000	0,00000374069
27375,08000000000	0,00000374327
27403,80500000000	0,00000375845
27435,52000000000	0,00000371510
27462,84500000000	0,00000371707
27490,57500000000	0,00000372114
27523,28500000000	0,00000372381
27552,01000000000	0,00000373703
27581,73000000000	0,00000374232
27611,65000000000	0,00000378193
27637,18500000000	0,00000376935
27668,90000000000	0,00000375951
27697,42500000000	0,00000372442
27728,54000000000	0,00000366806
27753,67500000000	0,00000364847
27785,59000000000	0,00000365503
27816,31000000000	0,00000368415
27846,62500000000	0,00000369598
27875,15000000000	0,00000373009
27902,67500000000	0,00000373784
27933,39500000000	0,00000375441
27962,92000000000	0,00000374131
27994,63500000000	0,00000371097
28021,36500000000	0,00000371267
28050,28500000000	0,00000370581
28081,80500000000	0,00000370033
28110,52500000000	0,00000370311
28141,84500000000	0,00000371417
28170,76500000000	0,00000373593
28198,69000000000	0,00000372603
28228,41500000000	0,00000371712
28258,73000000000	0,00000370811
28285,86000000000	0,00000368691
28316,78000000000	0,00000366633
28344,30500000000	0,00000368393
28376,22000000000	0,00000368203
28406,93500000000	0,00000369016
28435,06500000000	0,00000369116
28465,18500000000	0,00000371224
28495,10500000000	0,00000372900
28524,03000000000	0,00000372953
28553,94500000000	0,00000371879
28583,27000000000	0,00000370223
28612,59500000000	0,00000368328
28642,91000000000	0,00000368059
28672,83000000000	0,00000365849
28702,35500000000	0,00000362450
28732,67500000000	0,00000362588
28763,79000000000	0,00000363698
28795,70500000000	0,00000363454
28821,83500000000	0,00000365241
28850,56000000000	0,00000368762
28881,87500000000	0,00000372754
28911,00000000000	0,00000370464
28940,52500000000	0,00000368188
28968,64500000000	0,00000366601
29000,96000000000	0,00000365740
29030,48000000000	0,00000364898
29061,99500000000	0,00000364977
29089,52500000000	0,00000368714
29120,24500000000	0,00000371275
29150,36500000000	0,00000373909
29179,08500000000	0,00000372871
29208,61000000000	0,00000371975
29237,53000000000	0,00000371277
29268,05000000000	0,00000370587
29299,36500000000	0,00000368712
29327,89500000000	0,00000368257
29356,22000000000	0,00000368471
29388,33000000000	0,00000371112
29416,45500000000	0,00000368848
29447,97500000000	0,00000365952
29474,50000000000	0,00000367868
29507,61500000000	0,00000367982
29535,34000000000	0,00000367073
29564,86000000000	0,00000365560
29591,39500000000	0,00000365594
29624,50500000000	0,00000366620
29654,22500000000	0,00000364461
29685,34500000000	0,00000361756
29714,06500000000	0,00000365392
29744,98500000000	0,00000365267
29775,90000000000	0,00000365754
29805,02500000000	0,00000365137
29835,74000000000	0,00000366609
29864,86500000000	0,00000368178
29895,38500000000	0,00000367109
29924,50500000000	0,00000368431
29953,43000000000	0,00000367805
29986,14500000000	0,00000365502
30014,07000000000	0,00000362373
30045,38500000000	0,00000361811
30073,51000000000	0,00000360952
30104,23000000000	0,00000358409
30133,95000000000	0,00000360548
30164,86500000000	0,00000362098
30195,98500000000	0,00000364142
30224,71000000000	0,00000363633
30256,42500000000	0,00000364470
30284,35000000000	0,00000364781
30316,46500000000	0,00000364627
30345,79000000000	0,00000364970
30376,70500000000	0,00000363567
30407,02500000000	0,00000365418
30436,15000000000	0,00000365226
30467,66500000000	0,00000365617
30495,79000000000	0,00000363815
30526,11000000000	0,00000360929
30556,62500000000	0,00000359820
30587,94500000000	0,00000358185
30617,26500000000	0,00000357641
30647,78500000000	0,00000358240
30676,71000000000	0,00000360858
30708,02500000000	0,00000361130
30738,34500000000	0,00000359879
30767,06500000000	0,00000359931
30800,58000000000	0,00000359322
30831,10000000000	0,00000359556
30860,42000000000	0,00000359066
30891,74000000000	0,00000361691
30921,65500000000	0,00000362729
30952,38000000000	0,00000361609
30981,90000000000	0,00000361471
31012,22000000000	0,00000361859
31043,33500000000	0,00000361108
31074,45000000000	0,00000362787
31103,57500000000	0,00000364931
31135,49000000000	0,00000365304
31161,82000000000	0,00000365452
31190,14500000000	0,00000364247
31223,05500000000	0,00000361846
31252,38000000000	0,00000358258
31282,70000000000	0,00000355880
31315,01000000000	0,00000358912
31344,93500000000	0,00000359256
31376,05000000000	0,00000358233
31405,77000000000	0,00000358476
31436,49000000000	0,00000361178
31468,60500000000	0,00000361473
31499,52500000000	0,00000359081
31526,05500000000	0,00000356887
31557,97000000000	0,00000355698
31590,08000000000	0,00000354239
31622,39500000000	0,00000353455
31652,91500000000	0,00000354852
31683,23500000000	0,00000356789
31712,75500000000	0,00000358757
31744,07500000000	0,00000358685
31775,99000000000	0,00000358740
31805,51000000000	0,00000359147
31836,82500000000	0,00000361030
31867,14500000000	0,00000360846
31893,27500000000	0,00000359344
31924,59500000000	0,00000355601
31956,51000000000	0,00000351767
31986,63000000000	0,00000350985
32020,14000000000	0,00000351260
32050,65500000000	0,00000351949
32080,38000000000	0,00000352795
32112,69500000000	0,00000354117
32143,41500000000	0,00000353302
32175,13000000000	0,00000351557
32206,24500000000	0,00000351584
32238,36000000000	0,00000351572
32269,28000000000	0,00000351785
32300,19500000000	0,00000351903
32331,31500000000	0,00000352852
32362,23500000000	0,00000351826
32394,14500000000	0,00000352748
32425,46500000000	0,00000353309
32454,58500000000	0,00000353900
32484,50500000000	0,00000354250
32513,43000000000	0,00000354209
32546,54000000000	0,00000355859
32577,66000000000	0,00000354457
32607,97500000000	0,00000353061
32638,69500000000	0,00000353245
32671,20500000000	0,00000352296
32702,52500000000	0,00000352124
32733,64500000000	0,00000352007
32764,96000000000	0,00000352557
32795,48000000000	0,00000352927
32826,59500000000	0,00000351610
32857,31500000000	0,00000351573
32889,43000000000	0,00000351030
32921,34500000000	0,00000350535
32951,46500000000	0,00000348905
32982,78000000000	0,00000346683
33012,30500000000	0,00000347198
33044,82000000000	0,00000347828
33077,93000000000	0,00000347394
33106,05500000000	0,00000348034
33138,57000000000	0,00000349518
33171,28000000000	0,00000349535
33202,79500000000	0,00000346722
33233,31500000000	0,00000346895
33265,03000000000	0,00000348881
33297,74500000000	0,00000350314
33329,06000000000	0,00000350898
33359,98000000000	0,00000349420
33390,70000000000	0,00000351379
33421,01500000000	0,00000350667
33456,32500000000	0,00000348485
33483,85000000001	0,00000347597
33516,56500000000	0,00000347893
33549,47500000001	0,00000349735
33577,60500000000	0,00000348495
33609,11500000000	0,00000348363
33640,83500000000	0,00000347518
33671,95500000000	0,00000345475
33702,87000000000	0,00000342881
33736,78000000000	0,00000339732
33768,29500000000	0,00000338585
33801,80500000000	0,00000340261
33833,92000000000	0,00000343151
33865,83500000000	0,00000343874
33896,55500000000	0,00000345121
33928,26500000000	0,00000346884
33961,18000000000	0,00000347325
33992,70000000000	0,00000343382
34023,81500000000	0,00000341800
34055,53000000000	0,00000340306
34090,44000000000	0,00000340801
34121,35500000000	0,00000341451
34152,27499999999	0,00000340771
34182,19500000000	0,00000342353
34213,91000000000	0,00000344833
34247,62000000000	0,00000345652
34279,93500000000	0,00000343008
34310,05500000000	0,00000342558
34343,36500000001	0,00000341272
34375,28500000000	0,00000340488
34407,39500000000	0,00000337906
34441,30500000000	0,00000338979
34472,42500000000	0,00000338770
34505,33500000001	0,00000339464
34537,25500000000	0,00000340755
34571,16000000000	0,00000339700
34602,48000000000	0,00000339706
34634,39500000000	0,00000341895
34667,10500000000	0,00000343673
34699,62000000000	0,00000343919
34730,34000000000	0,00000342500
34761,65500000000	0,00000341462
34794,37000000000	0,00000339496
34828,27500000000	0,00000338319
34860,19500000000	0,00000339075
34893,30500000000	0,00000341603
34921,83000000000	0,00000342634
34953,54500000000	0,00000340815
34985,06500000000	0,00000338853
35018,37500000000	0,00000338811
35051,88499999999	0,00000339338
35084,60000000000	0,00000340225
35114,91500000000	0,00000340162
35146,03500000000	0,00000339789
35179,54500000000	0,00000338036
35214,05500000000	0,00000335974
35245,97000000000	0,00000334449
35279,08500000000	0,00000334449
35311,59500000000	0,00000336081
35344,50500000000	0,00000338099
35377,42000000000	0,00000338052
35409,93500000000	0,00000335299
35439,85500000000	0,00000333556
35473,76500000000	0,00000333513
35506,08000000000	0,00000331824
35540,58500000001	0,00000329356
35570,11000000000	0,00000330480
35604,61500000000	0,00000332855
35639,32500000000	0,00000334191
35671,63500000000	0,00000334243
35703,35500000000	0,00000335251
35736,66500000000	0,00000336038
35768,38000000000	0,00000335330
35802,49000000000	0,00000333943
35835,20500000000	0,00000333136
35868,11500000001	0,00000333334
35901,42500000000	0,00000333016
35934,74000000000	0,00000331508
35965,85500000000	0,00000330726
36000,76500000000	0,00000332107
36035,07000000000	0,00000333690
36067,38500000000	0,00000335039
36095,71000000001	0,00000336116
36129,62500000000	0,00000333146
36160,74000000001	0,00000330142
36195,04500000000	0,00000327329
36230,55500000000	0,00000327177
36264,26500000000	0,00000326991
36296,77500000000	0,00000330036
36330,88499999999	0,00000331493
36363,60000000000	0,00000330496
36395,51500000000	0,00000329136
36430,62000000000	0,00000329256
36463,33500000000	0,00000328369
36496,44500000000	0,00000326155
36530,35500000000	0,00000325263
36563,66500000000	0,00000324950
36599,57500000000	0,00000325586
36633,28500000000	0,00000324505
36667,19500000000	0,00000324558
36695,71500000000	0,00000326181
36730,82500000000	0,00000326005
36764,93500000000	0,00000323964
36797,64500000000	0,00000323076
36831,95500000000	0,00000323649
36866,86500000000	0,00000324215
36900,17500000000	0,00000323222
36935,08000000000	0,00000323413
36968,39000000000	0,00000324508
37002,50500000000	0,00000326611
37035,21500000000	0,00000326688
37071,12000000000	0,00000324940
37102,63500000000	0,00000323087
37136,54500000000	0,00000321903
37171,65500000000	0,00000321799
37207,55500000000	0,00000319539
37240,47000000000	0,00000319707
37273,18500000000	0,00000322461
37309,48500000000	0,00000323471
37344,19500000000	0,00000321468
37376,90500000000	0,00000319850
37410,41500000000	0,00000320326
37445,32500000000	0,00000319888
37480,63000000000	0,00000317761
37512,14500000000	0,00000317134
37545,46000000000	0,00000317643
37580,96500000000	0,00000317693
37615,67000000000	0,00000317504
37652,37500000000	0,00000317182
37685,28500000000	0,00000316351
37719,79500000000	0,00000316328
37754,90500000000	0,00000315081
37790,00999999999	0,00000313277
37823,91500000000	0,00000311662
37860,42500000000	0,00000312241
37894,73000000000	0,00000313489
37931,83000000000	0,00000313121
37965,14500000000	0,00000313846
38000,25000000000	0,00000313712
38035,75500000000	0,00000314173
38070,86500000000	0,00000312356
38105,97000000000	0,00000311617
38138,28500000000	0,00000310760
38172,99000000001	0,00000309281
38210,29000000000	0,00000306540
38244,80500000000	0,00000304086
38281,70500000000	0,00000303271
38317,80500000000	0,00000304303
38354,90500000000	0,00000304922
38390,21500000000	0,00000305013
38424,72500000000	0,00000305419
38460,22500000001	0,00000305703
38497,92500000000	0,00000304403
38534,83000000000	0,00000302806
38569,73500000000	0,00000302086
38606,83500000000	0,00000302560
38643,54500000000	0,00000301395
38680,64000000000	0,00000299383
38716,34500000000	0,00000298341
38753,44500000000	0,00000297017
38787,35500000000	0,00000295473
38824,65500000000	0,00000293280
38862,16000000000	0,00000291114
38899,86000000000	0,00000289337
38938,15500000000	0,00000288643
38977,85500000000	0,00000287041
39015,75500000000	0,00000286353
39052,25500000000	0,00000286304
39092,34500000000	0,00000287271
39131,24500000000	0,00000287390
39169,34500000000	0,00000286665
39205,84500000000	0,00000285958
39243,94500000000	0,00000282357
39284,43500000000	0,00000278622
39322,73500000000	0,00000274254
39366,22000000000	0,00000271570
39403,92000000000	0,00000268825
39448,00500000000	0,00000266332
39483,90500000000	0,00000264868
39526,19500000000	0,00000262278
39567,88499999999	0,00000258967
39611,56500000000	0,00000253528
39652,46000000000	0,00000250476
39697,93500000000	0,00000247431
39745,41500000000	0,00000242847
39788,09500000000	0,00000237285
39834,57500000000	0,00000231902
39882,44500000000	0,00000226359
39933,31500000000	0,00000219881
39985,17500000000	0,00000213617
40033,84500000000	0,00000207232
40087,70500000000	0,00000201639
40144,55000000000	0,00000195861
40201,80000000000	0,00000189466
40260,84500000000	0,00000183632
40319,08500000000	0,00000177515
40381,92500000000	0,00000172102
40447,54500000000	0,00000165597
40517,96000000000	0,00000159461
40585,17999999999	0,00000154279
40659,58500000000	0,00000149346
40733,39000000000	0,00000144656
40803,80000000000	0,00000139710
40880,79500000000	0,00000133852
40965,77000000000	0,00000128813
41051,34000000000	0,00000123430
41150,87500000000	0,00000117856
41241,43500000000	0,00000112548
41339,57500000000	0,00000107818
41442,70000000000	0,00000103448
41549,62000000000	0,00000098048
41663,91499999999	0,00000093552
41782,99500000000	0,00000089137
41915,24500000000	0,00000084806
42045,89999999999	0,00000079894
42183,73000000000	0,00000075103
42331,74000000000	0,00000069798
42496,30000000000	0,00000064972
42668,24500000000	0,00000060367
42860,73500000000	0,00000055676
43045,04500000000	0,00000051160
43258,67500000000	0,00000046295
43491,45500000000	0,00000041020
43777,10000000001	0,00000036026
44073,11000000000	0,00000031118
44440,34000000000	0,00000026411
44853,64000000000	0,00000021451
45364,28000000000	0,00000016580
45951,12000000000	0,00000012312
46825,19500000000	0,00000009020
48015,23500000000	0,00000005910
49621,16500000000	0,00000003954
