33,04000000000	0,00000437101
55,98000000000	0,00000435134
80,31500000000	0,00000433474
106,84500000000	0,00000431473
131,78000000000	0,00000430239
154,32000000000	0,00000428670
180,45000000000	0,00000426410
206,38000000000	0,00000423797
232,11000000000	0,00000420248
259,04000000000	0,00000418228
285,17000000000	0,00000416575
311,10500000000	0,00000414412
339,22500000000	0,00000412776
366,35500000000	0,00000411773
392,68500000000	0,00000411815
420,41000000000	0,00000411977
444,95000000000	0,00000411198
472,67500000000	0,00000410712
499,80500000000	0,00000410464
526,93000000000	0,00000410935
552,66000000000	0,00000410245
577,79500000000	0,00000409293
606,12500000000	0,00000408726
633,05000000000	0,00000408669
657,58500000000	0,00000408763
685,71000000000	0,00000408775
711,04500000000	0,00000408574
739,17000000000	0,00000408124
767,09500000000	0,00000408611
793,22500000000	0,00000409283
818,56000000000	0,00000409807
845,69000000000	0,00000410220
872,81500000000	0,00000410643
899,94000000000	0,00000410865
927,87000000000	0,00000411418
952,80500000000	0,00000411838
982,92500000000	0,00000412110
1007,46000000000	0,00000412536
1032,39500000000	0,00000412693
1061,31500000000	0,00000413223
1085,85000000000	0,00000413276
1110,98500000000	0,00000412837
1136,52000000000	0,00000411966
1163,44500000000	0,00000411481
1190,97500000000	0,00000410102
1217,90000000000	0,00000410232
1244,23000000000	0,00000410259
1271,56000000000	0,00000409737
1298,29000000000	0,00000409118
1326,21500000000	0,00000408292
1353,34500000000	0,00000409059
1379,47000000000	0,00000410601
1404,40500000000	0,00000411596
1433,33000000000	0,00000412739
1458,26500000000	0,00000414172
1488,18500000000	0,00000414940
1513,71500000000	0,00000415550
1538,65500000000	0,00000415383
1564,18500000000	0,00000414821
1590,91500000000	0,00000415409
1617,24000000000	0,00000415338
1644,17500000000	0,00000414693
1670,90000000000	0,00000414711
1698,43000000000	0,00000413555
1724,96000000000	0,00000412684
1749,69000000000	0,00000412305
1773,63000000000	0,00000412220
1803,15000000000	0,00000411611
1828,88500000000	0,00000411692
1855,01500000000	0,00000411199
1881,94500000000	0,00000411100
1908,07500000000	0,00000410929
1935,80000000000	0,00000410230
1962,33000000000	0,00000409229
1990,25500000000	0,00000410005
2015,19000000000	0,00000409787
2043,91500000000	0,00000410122
2070,04500000000	0,00000410732
2096,57500000000	0,00000411988
2124,90000000000	0,00000413723
2151,03000000000	0,00000414091
2175,76500000000	0,00000414796
2202,89500000000	0,00000414876
2227,63000000000	0,00000414551
2253,95500000000	0,00000413906
2278,29500000000	0,00000412877
2304,42500000000	0,00000411653
2334,54000000000	0,00000410145
2358,48000000000	0,00000408963
2387,40500000000	0,00000408469
2414,73000000000	0,00000407674
2440,66000000000	0,00000406552
2468,78500000000	0,00000406399
2497,11500000000	0,00000407002
2521,64500000000	0,00000407584
2549,37500000000	0,00000407473
2575,90500000000	0,00000408198
2603,03500000000	0,00000408391
2631,35500000000	0,00000409265
2655,69000000000	0,00000409982
2683,62000000000	0,00000410116
2708,55500000000	0,00000409762
2735,88000000000	0,00000410810
2763,01000000000	0,00000411412
2788,94000000000	0,00000411883
2814,47000000000	0,00000412454
2841,80000000000	0,00000412178
2869,12500000000	0,00000412844
2896,25500000000	0,00000412138
2920,99000000000	0,00000412009
2949,11500000000	0,00000412143
2974,85000000000	0,00000411734
3000,98000000000	0,00000412037
3029,10500000000	0,00000412604
3055,63500000000	0,00000411844
3084,16000000000	0,00000411115
3108,49500000000	0,00000410242
3135,42500000000	0,00000409783
3161,15500000000	0,00000408579
3185,89000000000	0,00000408147
3212,62000000000	0,00000407502
3241,74500000000	0,00000406401
3267,27500000000	0,00000405979
3295,20000000000	0,00000404602
3322,52500000000	0,00000403904
3350,45500000000	0,00000403545
3376,18500000000	0,00000404138
3405,11000000000	0,00000404804
3431,64000000000	0,00000404892
3457,57000000000	0,00000404535
3486,29000000000	0,00000404162
3514,42000000000	0,00000404379
3540,35000000000	0,00000404287
3565,88500000000	0,00000403563
3594,20500000000	0,00000403210
3622,33500000000	0,00000402608
3649,06000000000	0,00000403376
3677,38500000000	0,00000404414
3703,11500000000	0,00000404982
3730,84500000000	0,00000404654
3759,17000000000	0,00000404583
3787,29500000000	0,00000404975
3812,63000000000	0,00000405533
3835,17000000000	0,00000405483
3862,49500000000	0,00000405105
3889,82500000000	0,00000404767
3918,35000000000	0,00000404860
3946,27500000000	0,00000404327
3974,60000000000	0,00000403639
3998,73500000000	0,00000402168
4027,86000000000	0,00000402097
4054,78500000000	0,00000402801
4081,91500000000	0,00000403262
4109,84000000000	0,00000403901
4137,36500000000	0,00000403637
4164,29500000000	0,00000403655
4192,22500000000	0,00000403210
4217,55500000000	0,00000403810
4244,88500000000	0,00000403577
4273,60500000000	0,00000402770
4298,74000000000	0,00000402482
4326,46500000000	0,00000402087
4351,60000000000	0,00000401984
4379,92500000000	0,00000401906
4407,25500000000	0,00000401751
4433,78500000000	0,00000402298
4464,10500000000	0,00000402664
4490,63500000000	0,00000403049
4517,16000000000	0,00000403480
4544,29000000000	0,00000402511
4570,42000000000	0,00000402147
4597,74500000000	0,00000401920
4625,47500000000	0,00000402030
4651,80500000000	0,00000402649
4679,73000000000	0,00000401644
4708,45500000000	0,00000401315
4737,17500000000	0,00000400650
4763,90500000000	0,00000400199
4791,03500000000	0,00000400369
4814,97500000000	0,00000400404
4840,90500000000	0,00000400294
4871,42500000000	0,00000400174
4896,95500000000	0,00000400088
4926,07500000000	0,00000400206
4952,21000000000	0,00000399889
4979,73500000000	0,00000399258
5007,86000000000	0,00000399138
5034,79000000000	0,00000398928
5064,11000000000	0,00000399343
5091,64000000000	0,00000399161
5117,37000000000	0,00000400133
5145,69500000000	0,00000400706
5173,02500000000	0,00000401399
5200,55000000000	0,00000402004
5229,27500000000	0,00000402634
5256,00500000000	0,00000403056
5283,53500000000	0,00000403485
5305,67000000000	0,00000403344
5333,00000000000	0,00000404002
5361,12500000000	0,00000404603
5388,25500000000	0,00000404211
5416,38000000000	0,00000405016
5442,91000000000	0,00000405055
5469,24000000000	0,00000404511
5497,96500000000	0,00000404082
5524,49000000000	0,00000404160
5552,41500000000	0,00000404057
5581,14500000000	0,00000403384
5604,28000000000	0,00000403188
5633,00500000000	0,00000402812
5661,53000000000	0,00000402120
5688,26000000000	0,00000401166
5715,58500000000	0,00000399403
5743,71000000000	0,00000399117
5770,44500000000	0,00000399211
5797,57000000000	0,00000398751
5824,50000000000	0,00000399739
5854,41500000000	0,00000399785
5882,54500000000	0,00000399085
5911,46500000000	0,00000398729
5934,80500000000	0,00000398981
5959,74000000000	0,00000398729
5988,46500000000	0,00000398782
6015,19500000000	0,00000399427
6044,51500000000	0,00000399614
6073,04000000000	0,00000399176
6099,57000000000	0,00000397796
6125,70000000000	0,00000396575
6154,62000000000	0,00000396675
6182,15000000000	0,00000397401
6208,88000000000	0,00000397992
6238,20000000000	0,00000399059
6265,73000000000	0,00000398823
6293,25500000000	0,00000398660
6320,98500000000	0,00000399035
6348,31000000000	0,00000400190
6375,03500000000	0,00000400509
6401,77000000000	0,00000401517
6429,69500000000	0,00000402635
6456,42000000000	0,00000402713
6482,95500000000	0,00000403213
6509,08500000000	0,00000402797
6535,81000000000	0,00000402253
6565,53500000000	0,00000401161
6590,86500000000	0,00000400922
6618,39500000000	0,00000400878
6646,52000000000	0,00000400482
6672,45000000000	0,00000399554
6701,37500000000	0,00000399196
6729,70000000000	0,00000399038
6757,62500000000	0,00000398490
6783,55500000000	0,00000397493
6812,08000000000	0,00000397412
6840,00500000000	0,00000397424
6866,73500000000	0,00000398293
6893,66500000000	0,00000398925
6921,79000000000	0,00000399572
6948,12000000000	0,00000400420
6976,44500000000	0,00000400573
7003,77000000000	0,00000400881
7030,50000000000	0,00000401055
7055,43500000000	0,00000401016
7084,76000000000	0,00000401086
7111,68500000000	0,00000401285
7137,01500000000	0,00000400827
7166,14500000000	0,00000400035
7194,86500000000	0,00000399603
7221,19500000000	0,00000400075
7250,11500000000	0,00000400954
7276,45000000000	0,00000402349
7305,37500000000	0,00000402878
7333,30000000000	0,00000403764
7359,82500000000	0,00000404686
7385,96000000000	0,00000404687
7411,49000000000	0,00000404772
7436,82500000000	0,00000404831
7463,55500000000	0,00000404231
7491,08000000000	0,00000404011
7520,00500000000	0,00000402081
7546,73000000000	0,00000400575
7575,05500000000	0,00000399520
7600,99000000000	0,00000398673
7628,71500000000	0,00000398487
7657,04000000000	0,00000398979
7684,16500000000	0,00000400441
7713,89000000000	0,00000401579
7739,02500000000	0,00000401826
7766,35000000000	0,00000401681
7795,27500000000	0,00000402949
7822,80000000000	0,00000403806
7848,53000000000	0,00000404039
7873,06500000000	0,00000403645
7903,18500000000	0,00000402609
7929,71500000000	0,00000401721
7957,84000000000	0,00000401730
7983,97500000000	0,00000401167
8012,10000000000	0,00000400284
8040,22500000000	0,00000399114
8069,14500000000	0,00000398719
8094,08000000000	0,00000400144
8119,81000000000	0,00000400504
8146,94000000000	0,00000400675
8176,06500000000	0,00000400604
8201,79500000000	0,00000401040
8230,91500000000	0,00000401661
8257,84500000000	0,00000401822
8281,78500000000	0,00000401399
8311,30500000000	0,00000400732
8339,23000000000	0,00000400627
8367,95500000000	0,00000400157
8395,68500000000	0,00000400036
8421,01500000000	0,00000400355
8449,33500000000	0,00000399576
8476,66500000000	0,00000399309
8504,79000000000	0,00000399723
8532,32000000000	0,00000399617
8561,04000000000	0,00000399371
8583,18500000000	0,00000399365
8611,31000000000	0,00000398727
8640,03000000000	0,00000398534
8667,16000000000	0,00000398280
8695,68500000000	0,00000398090
8724,60500000000	0,00000397891
8750,14000000000	0,00000398353
8776,67000000000	0,00000397549
8805,59000000000	0,00000397574
8834,31500000000	0,00000398022
8861,44500000000	0,00000398121
8888,37500000000	0,00000398563
8915,90000000000	0,00000398706
8942,43000000000	0,00000398172
8971,95000000000	0,00000399217
9000,07500000000	0,00000400210
9026,40500000000	0,00000400093
9054,53000000000	0,00000400121
9078,47000000000	0,00000399780
9106,79500000000	0,00000398917
9134,72000000000	0,00000398617
9159,05500000000	0,00000398375
9188,57500000000	0,00000397828
9217,30000000000	0,00000397128
9243,23500000000	0,00000396778
9272,55500000000	0,00000396212
9300,48000000000	0,00000396437
9328,80500000000	0,00000396187
9356,13500000000	0,00000396471
9382,86000000000	0,00000397444
9410,78500000000	0,00000397604
9439,31000000000	0,00000397116
9465,64000000000	0,00000397737
9493,17000000000	0,00000397851
9520,89500000000	0,00000398298
9547,62500000000	0,00000397436
9575,35000000000	0,00000396117
9602,08000000000	0,00000395532
9632,20000000000	0,00000395370
9657,13000000000	0,00000395126
9684,06500000000	0,00000395332
9711,38500000000	0,00000395230
9742,31000000000	0,00000395545
9771,63000000000	0,00000396235
9797,36000000000	0,00000396325
9825,68500000000	0,00000396590
9851,02000000000	0,00000395551
9879,94500000000	0,00000396183
9907,07000000000	0,00000397650
9935,79500000000	0,00000398545
9963,52000000000	0,00000398715
9990,25000000000	0,00000397907
10019,17000000000	0,00000397530
10047,69500000000	0,00000396694
10070,03500000000	0,00000396540
10098,56500000000	0,00000395798
10126,88500000000	0,00000396139
10153,21500000000	0,00000395852
10182,54000000000	0,00000395182
10210,46500000000	0,00000394434
10239,19000000000	0,00000393192
10266,71500000000	0,00000391660
10294,24000000000	0,00000392276
10320,57000000000	0,00000392580
10350,29500000000	0,00000392903
10379,01500000000	0,00000393947
10407,14000000000	0,00000393977
10436,06500000000	0,00000394596
10462,99500000000	0,00000395483
10488,92500000000	0,00000395638
10517,85000000000	0,00000395753
10545,17500000000	0,00000396227
10572,70500000000	0,00000395872
10601,23000000000	0,00000395676
10627,75500000000	0,00000395582
10654,68500000000	0,00000395271
10684,20500000000	0,00000394526
10712,33000000000	0,00000393978
10738,26500000000	0,00000394102
10767,18500000000	0,00000394835
10792,71500000000	0,00000395052
10820,84500000000	0,00000394306
10847,57500000000	0,00000394872
10878,09500000000	0,00000396000
10906,61500000000	0,00000395794
10931,95500000000	0,00000395083
10958,48000000000	0,00000394613
10988,40500000000	0,00000394077
11017,52500000000	0,00000394581
11043,25500000000	0,00000394948
11072,17500000000	0,00000395156
11100,50500000000	0,00000394502
11129,02500000000	0,00000393593
11155,15500000000	0,00000394320
11183,48000000000	0,00000394510
11210,01000000000	0,00000394268
11236,34000000000	0,00000393808
11265,06500000000	0,00000394108
11292,19500000000	0,00000393882
11321,51500000000	0,00000392968
11346,45000000000	0,00000392474
11377,96500000000	0,00000392018
11403,89500000000	0,00000391951
11432,62500000000	0,00000391986
11460,94500000000	0,00000391956
11488,67500000000	0,00000391292
11517,59500000000	0,00000391325
11544,92500000000	0,00000391617
11573,44500000000	0,00000392015
11600,37500000000	0,00000392111
11631,29500000000	0,00000392559
11657,42500000000	0,00000393848
11686,34500000000	0,00000395076
11712,87500000000	0,00000395324
11738,60500000000	0,00000396609
11766,73500000000	0,00000396721
11793,26500000000	0,00000396821
11822,19000000000	0,00000397147
11847,52000000000	0,00000396066
11875,84500000000	0,00000394829
11904,76500000000	0,00000393420
11930,10000000000	0,00000392487
11962,01500000000	0,00000392351
11987,94500000000	0,00000391592
12014,67500000000	0,00000391323
12046,79000000000	0,00000391676
12074,11500000000	0,00000393072
12103,24000000000	0,00000393107
12130,36500000000	0,00000393423
12155,10000000000	0,00000394706
12186,02000000000	0,00000395713
12212,15000000000	0,00000395821
12236,48500000000	0,00000395969
12264,21500000000	0,00000395256
12294,13500000000	0,00000395399
12322,66000000000	0,00000395273
12348,39000000000	0,00000394866
12375,12000000000	0,00000395506
12406,23500000000	0,00000394845
12435,56000000000	0,00000394902
12460,49000000000	0,00000395184
12487,62000000000	0,00000395397
12515,74500000000	0,00000395240
12543,87000000000	0,00000394181
12570,40000000000	0,00000394177
12600,32000000000	0,00000394477
12627,45000000000	0,00000394090
12656,77000000000	0,00000393688
12683,50000000000	0,00000393420
12711,22500000000	0,00000393836
12740,75000000000	0,00000393798
12767,87500000000	0,00000393199
12795,40500000000	0,00000394397
12822,53000000000	0,00000395061
12850,25500000000	0,00000395069
12879,58000000000	0,00000395678
12903,51500000000	0,00000395901
12933,63500000000	0,00000395958
12961,36000000000	0,00000395161
12985,70000000000	0,00000395267
13014,42000000000	0,00000395633
13043,54500000000	0,00000395656
13068,27500000000	0,00000395181
13098,79500000000	0,00000394355
13127,72000000000	0,00000394001
13155,84500000000	0,00000393694
13180,58000000000	0,00000392769
13210,30000000000	0,00000393571
13238,42500000000	0,00000393543
13267,95000000000	0,00000393152
13296,07500000000	0,00000393949
13321,60500000000	0,00000394337
13348,93500000000	0,00000394612
13378,65500000000	0,00000394241
13402,39000000000	0,00000395215
13431,51500000000	0,00000395094
13459,83500000000	0,00000394755
13486,76500000000	0,00000394324
13514,29500000000	0,00000393962
13542,81500000000	0,00000394238
13571,54000000000	0,00000394627
13598,07000000000	0,00000394205
13627,79000000000	0,00000394196
13654,72000000000	0,00000393425
13681,45000000000	0,00000392893
13709,17500000000	0,00000392360
13738,70000000000	0,00000392021
13764,03000000000	0,00000392135
13795,54500000000	0,00000392080
13821,28000000000	0,00000392706
13851,80000000000	0,00000392457
13878,72500000000	0,00000392276
13906,25500000000	0,00000392828
13933,58000000000	0,00000393656
13960,30500000000	0,00000394230
13987,63500000000	0,00000394704
14013,96500000000	0,00000394638
14043,29000000000	0,00000395343
14072,01000000000	0,00000394874
14098,94000000000	0,00000394515
14126,47000000000	0,00000393542
14154,79500000000	0,00000393418
14184,71500000000	0,00000393145
14210,04500000000	0,00000393459
14238,57000000000	0,00000394002
14267,49500000000	0,00000394023
14295,82000000000	0,00000393662
14323,14500000000	0,00000393833
14350,07500000000	0,00000394930
14378,80000000000	0,00000395253
14403,13500000000	0,00000394974
14431,25500000000	0,00000395374
14460,18000000000	0,00000395650
14488,70500000000	0,00000395369
14515,43500000000	0,00000394174
14541,76500000000	0,00000393201
14570,29000000000	0,00000392428
14598,61500000000	0,00000391707
14626,54000000000	0,00000391233
14654,06500000000	0,00000390472
14682,39500000000	0,00000388653
14713,11000000000	0,00000387234
14740,83500000000	0,00000387226
14768,96000000000	0,00000387629
14796,09000000000	0,00000388317
14825,21500000000	0,00000388995
14854,53500000000	0,00000389716
14884,25500000000	0,00000390685
14911,18500000000	0,00000391877
14937,91500000000	0,00000392070
14965,04000000000	0,00000392659
14993,36500000000	0,00000393847
15021,09000000000	0,00000395123
15050,81500000000	0,00000395750
15075,15000000000	0,00000395052
15103,07500000000	0,00000394511
15132,19500000000	0,00000394623
15157,53000000000	0,00000394286
15185,45500000000	0,00000394122
15212,98500000000	0,00000393152
15242,10500000000	0,00000393475
15271,42500000000	0,00000393459
15297,36000000000	0,00000393446
15324,88500000000	0,00000393570
15354,40500000000	0,00000392896
15382,53000000000	0,00000393041
15412,65000000000	0,00000392944
15437,38500000000	0,00000392991
15464,31500000000	0,00000392021
15494,03500000000	0,00000391440
15521,16500000000	0,00000391376
15550,08500000000	0,00000390451
15575,62000000000	0,00000389922
15604,14500000000	0,00000389401
15632,47000000000	0,00000388489
15662,19000000000	0,00000389349
15687,92000000000	0,00000390302
15717,84500000000	0,00000390520
15747,96000000000	0,00000390218
15774,49500000000	0,00000389319
15801,82000000000	0,00000389465
15829,94500000000	0,00000389790
15856,07500000000	0,00000389386
15884,40000000000	0,00000388885
15914,72000000000	0,00000389345
15945,43500000000	0,00000388806
15973,96000000000	0,00000387848
15998,69500000000	0,00000387203
16028,02000000000	0,00000386540
16057,34000000000	0,00000386774
16081,67500000000	0,00000387751
16110,00000000000	0,00000388857
16138,52500000000	0,00000389199
16167,65000000000	0,00000388478
16196,77000000000	0,00000387811
16225,69500000000	0,00000388419
16252,82000000000	0,00000388589
16280,54500000000	0,00000388383
16308,47500000000	0,00000388244
16337,39500000000	0,00000387694
16365,72500000000	0,00000387464
16393,64500000000	0,00000386905
16422,17000000000	0,00000386024
16450,10000000000	0,00000385964
16479,22000000000	0,00000386048
16508,54000000000	0,00000386656
16538,26500000000	0,00000387112
16565,39000000000	0,00000387432
16592,12000000000	0,00000387871
16620,24500000000	0,00000388414
16646,77500000000	0,00000389129
16675,69500000000	0,00000389793
16703,22500000000	0,00000390144
16732,74500000000	0,00000390475
16760,07500000000	0,00000390104
16788,40000000000	0,00000390312
16816,32500000000	0,00000389376
16844,65000000000	0,00000388554
16873,57500000000	0,00000388286
16901,89500000000	0,00000387751
16929,62500000000	0,00000387596
16957,75000000000	0,00000387039
16985,87500000000	0,00000386567
17015,79500000000	0,00000385824
17044,12000000000	0,00000385857
17072,64500000000	0,00000386082
17098,77500000000	0,00000385617
17126,30000000000	0,00000385829
17155,62500000000	0,00000386411
17183,95000000000	0,00000386560
17213,67000000000	0,00000387851
17240,00000000000	0,00000387712
17268,12500000000	0,00000387248
17299,04000000000	0,00000387921
17324,57500000000	0,00000388764
17353,89500000000	0,00000389653
17382,82000000000	0,00000390028
17409,15000000000	0,00000390371
17440,86500000000	0,00000389543
17468,39500000000	0,00000389656
17494,12500000000	0,00000389736
17522,25000000000	0,00000388592
17550,37500000000	0,00000388754
17578,70000000000	0,00000388379
17608,22000000000	0,00000388937
17637,54000000000	0,00000389623
17664,47000000000	0,00000388624
17693,59500000000	0,00000388220
17723,31500000000	0,00000388113
17749,04500000000	0,00000388160
17775,57500000000	0,00000388822
17802,70500000000	0,00000388337
17830,43000000000	0,00000388142
17860,35500000000	0,00000387637
17887,28000000000	0,00000387512
17918,60000000000	0,00000386566
17944,53000000000	0,00000385810
17973,65000000000	0,00000385112
18005,16500000000	0,00000385241
18030,90000000000	0,00000385756
18059,22500000000	0,00000386472
18088,94500000000	0,00000386153
18117,47000000000	0,00000386596
18144,60000000000	0,00000386085
18174,51500000000	0,00000386696
18201,64500000000	0,00000387041
18230,17000000000	0,00000387077
18257,29500000000	0,00000386816
18286,22000000000	0,00000386672
18312,95000000000	0,00000386242
18342,27500000000	0,00000386481
18370,20000000000	0,00000387139
18398,32500000000	0,00000386763
18426,64500000000	0,00000386950
18456,37000000000	0,00000387376
18486,69000000000	0,00000387746
18512,02000000000	0,00000388106
18539,15000000000	0,00000388358
18567,67500000000	0,00000388194
18598,39000000000	0,00000388492
18626,51500000000	0,00000388813
18653,44500000000	0,00000388629
18681,77000000000	0,00000387879
18708,50000000000	0,00000386612
18739,42000000000	0,00000386274
18766,94500000000	0,00000386284
18791,67500000000	0,00000386321
18821,40000000000	0,00000386423
18850,52500000000	0,00000385549
18879,84500000000	0,00000386281
18907,77000000000	0,00000386682
18935,89500000000	0,00000387620
18964,81500000000	0,00000388079
18992,94500000000	0,00000388314
19019,87000000000	0,00000388666
19050,79000000000	0,00000388734
19074,12500000000	0,00000388848
19106,24500000000	0,00000388004
19132,77000000000	0,00000387341
19162,09500000000	0,00000387209
19191,21500000000	0,00000386713
19219,54000000000	0,00000386321
19247,47000000000	0,00000385465
19275,99500000000	0,00000384776
19303,12000000000	0,00000385632
19332,04500000000	0,00000386002
19357,17500000000	0,00000386449
19387,89500000000	0,00000386802
19416,42000000000	0,00000387069
19445,54000000000	0,00000387652
19473,07000000000	0,00000388787
19500,79500000000	0,00000389512
19528,32000000000	0,00000389186
19559,04000000000	0,00000388558
19585,77000000000	0,00000388750
19613,89500000000	0,00000388512
19641,22000000000	0,00000388398
19668,75000000000	0,00000387645
19699,46500000000	0,00000386622
19727,19500000000	0,00000386236
19757,71500000000	0,00000386533
19785,04000000000	0,00000386131
19813,36500000000	0,00000386396
19840,49500000000	0,00000387253
19870,81500000000	0,00000388108
19900,53500000000	0,00000388733
19927,26000000000	0,00000388786
19955,19000000000	0,00000388678
19980,52000000000	0,00000387890
20007,65000000000	0,00000388087
20034,57500000000	0,00000387771
20064,49500000000	0,00000387261
20094,82000000000	0,00000386618
20122,54000000000	0,00000385447
20151,46500000000	0,00000384913
20180,59000000000	0,00000384523
20205,52500000000	0,00000384008
20237,24000000000	0,00000384268
20267,16000000000	0,00000384481
20293,69000000000	0,00000384979
20322,21500000000	0,00000384711
20350,93500000000	0,00000385274
20380,06000000000	0,00000385226
20409,18000000000	0,00000385773
20436,31000000000	0,00000386890
20467,23000000000	0,00000386706
20491,36500000000	0,00000386336
20520,48500000000	0,00000386181
20546,42000000000	0,00000386481
20577,33500000000	0,00000387086
20603,66500000000	0,00000387433
20632,59000000000	0,00000386900
20663,31000000000	0,00000386888
20690,83500000000	0,00000386073
20719,76000000000	0,00000385774
20747,48500000000	0,00000385297
20774,41000000000	0,00000385764
20803,53500000000	0,00000385068
20833,85500000000	0,00000384988
20860,98000000000	0,00000384066
20890,50500000000	0,00000383651
20919,03000000000	0,00000383105
20947,55000000000	0,00000383663
20974,48500000000	0,00000384687
21003,40500000000	0,00000385292
21030,73000000000	0,00000385816
21062,24500000000	0,00000385340
21087,58500000000	0,00000385046
21117,50000000000	0,00000384803
21142,83500000000	0,00000384422
21170,75500000000	0,00000384402
21201,87500000000	0,00000385563
21230,60000000000	0,00000384743
21260,32000000000	0,00000384559
21289,24500000000	0,00000384470
21316,37000000000	0,00000384986
21347,89000000000	0,00000384533
21373,62000000000	0,00000385092
21400,94500000000	0,00000385984
21433,46500000000	0,00000385961
21458,19500000000	0,00000384902
21485,72500000000	0,00000384877
21511,45500000000	0,00000384351
21543,77000000000	0,00000383840
21571,29500000000	0,00000382135
21599,02500000000	0,00000381976
21629,14500000000	0,00000382254
21660,06000000000	0,00000381073
21684,39500000000	0,00000380634
21714,91500000000	0,00000381161
21745,03500000000	0,00000381825
21774,15500000000	0,00000381484
21801,08500000000	0,00000381619
21829,41000000000	0,00000381391
21860,53000000000	0,00000381154
21890,84500000000	0,00000381348
21917,77500000000	0,00000382238
21945,70500000000	0,00000383506
21974,22500000000	0,00000383863
22004,14500000000	0,00000384343
22033,67000000000	0,00000384986
22060,39500000000	0,00000384716
22087,72500000000	0,00000384942
22118,44000000000	0,00000384254
22143,37500000000	0,00000384405
22174,89500000000	0,00000383812
22198,63000000000	0,00000383362
22229,14500000000	0,00000382886
22260,26500000000	0,00000382212
22285,79500000000	0,00000381957
22317,11500000000	0,00000381842
22342,84500000000	0,00000381517
22375,56000000000	0,00000382211
22403,48500000000	0,00000382057
22430,21500000000	0,00000382508
22458,53500000000	0,00000381878
22489,26000000000	0,00000380579
22517,78000000000	0,00000380105
22545,50500000000	0,00000379831
22575,03000000000	0,00000380289
22604,55500000000	0,00000379500
22633,27500000000	0,00000378792
22662,59500000000	0,00000378749
22692,52000000000	0,00000379293
22718,25000000000	0,00000379430
22746,17500000000	0,00000379147
22775,29500000000	0,00000379585
22804,82000000000	0,00000379830
22834,94000000000	0,00000380025
22863,26500000000	0,00000380184
22890,19000000000	0,00000380271
22920,51500000000	0,00000379872
22950,63500000000	0,00000379485
22977,96000000000	0,00000379917
23007,88000000000	0,00000380059
23035,80500000000	0,00000379877
23065,72500000000	0,00000379063
23094,05000000000	0,00000379248
23123,37500000000	0,00000380130
23152,69500000000	0,00000380923
23180,42000000000	0,00000381782
23210,74000000000	0,00000382620
23236,67000000000	0,00000382501
23267,59000000000	0,00000382182
23292,72500000000	0,00000382257
23321,44500000000	0,00000382221
23350,57000000000	0,00000382207
23377,69500000000	0,00000381950
23408,01500000000	0,00000381506
23438,14000000000	0,00000380852
23467,26000000000	0,00000379871
23495,98500000000	0,00000378555
23524,70500000000	0,00000378828
23552,83500000000	0,00000379246
23582,15500000000	0,00000379630
23612,28000000000	0,00000380133
23640,20000000000	0,00000380319
23670,91500000000	0,00000380216
23699,04500000000	0,00000379901
23725,57500000000	0,00000379386
23752,30500000000	0,00000379368
23782,22500000000	0,00000379645
23812,94500000000	0,00000379676
23841,26500000000	0,00000379871
23868,99000000000	0,00000379841
23899,71000000000	0,00000379329
23928,03500000000	0,00000379122
23956,56000000000	0,00000379029
23985,68500000000	0,00000378797
24014,21000000000	0,00000379225
24042,33500000000	0,00000379408
24072,25500000000	0,00000379010
24101,37500000000	0,00000378687
24130,49500000000	0,00000378084
24161,21500000000	0,00000378018
24190,33500000000	0,00000378150
24216,67000000000	0,00000377901
24246,19000000000	0,00000377794
24277,30500000000	0,00000378152
24306,23000000000	0,00000378666
24334,95500000000	0,00000379262
24362,68000000000	0,00000379537
24391,20500000000	0,00000379280
24422,52500000000	0,00000378786
24448,85500000000	0,00000379446
24476,18000000000	0,00000380052
24505,90000000000	0,00000379404
24533,23000000000	0,00000379945
24563,55000000000	0,00000380417
24591,87500000000	0,00000381156
24622,39000000000	0,00000382509
24649,92000000000	0,00000382444
24679,84000000000	0,00000382060
24709,96000000000	0,00000381902
24734,09500000000	0,00000382069
24765,01500000000	0,00000382527
24792,54000000000	0,00000382372
24821,46500000000	0,00000381831
24851,38500000000	0,00000380703
24880,90500000000	0,00000379779
24910,62500000000	0,00000378449
24937,35500000000	0,00000377254
24964,48500000000	0,00000377379
24993,40500000000	0,00000377244
25023,72500000000	0,00000378196
25052,45000000000	0,00000378418
25082,37000000000	0,00000378474
25111,49000000000	0,00000378768
25140,21500000000	0,00000378474
25168,94000000000	0,00000379237
25196,26500000000	0,00000379749
25226,38500000000	0,00000379660
25255,51000000000	0,00000379480
25283,83500000000	0,00000378916
25313,35500000000	0,00000377709
25342,28000000000	0,00000376295
25372,00000000000	0,00000375445
25399,92500000000	0,00000374653
25431,04500000000	0,00000375395
25458,37000000000	0,00000376168
25487,49500000000	0,00000376632
25517,01500000000	0,00000377655
25546,13500000000	0,00000378799
25574,66000000000	0,00000379503
25604,38500000000	0,00000380012
25631,11000000000	0,00000380115
25659,04000000000	0,00000380137
25688,76000000000	0,00000380436
25717,28500000000	0,00000380538
25744,81000000000	0,00000379526
25775,53000000000	0,00000378458
25806,24500000000	0,00000377991
25836,17000000000	0,00000377490
25863,89500000000	0,00000377806
25893,61500000000	0,00000377977
25921,34500000000	0,00000377847
25952,45500000000	0,00000378327
25980,18500000000	0,00000378680
26005,71500000000	0,00000378857
26035,04000000000	0,00000378424
26062,36500000000	0,00000378136
26094,28000000000	0,00000377925
26123,60500000000	0,00000377731
26151,13000000000	0,00000377370
26182,24500000000	0,00000376292
26209,77500000000	0,00000375985
26240,09500000000	0,00000375166
26268,42000000000	0,00000374687
26297,74000000000	0,00000374512
26327,06500000000	0,00000374119
26357,38000000000	0,00000373383
26386,30500000000	0,00000373284
26415,42500000000	0,00000373427
26446,74500000000	0,00000373455
26475,27000000000	0,00000373906
26505,39000000000	0,00000374572
26531,32000000000	0,00000375823
26560,84500000000	0,00000376892
26590,16500000000	0,00000377349
26618,09500000000	0,00000378419
26648,61000000000	0,00000378743
26675,94000000000	0,00000379171
26706,65500000000	0,00000379272
26732,98500000000	0,00000379495
26764,50000000000	0,00000379133
26792,22500000000	0,00000377935
26821,35000000000	0,00000377984
26852,07000000000	0,00000378233
26878,59500000000	0,00000377663
26908,32000000000	0,00000377471
26938,24000000000	0,00000376266
26967,76000000000	0,00000376729
26997,88000000000	0,00000376016
27025,60500000000	0,00000376120
27053,73500000000	0,00000375720
27083,85000000000	0,00000375535
27113,77500000000	0,00000375237
27144,69000000000	0,00000375818
27171,62000000000	0,00000375935
27202,93500000000	0,00000375342
27227,27500000000	0,00000374510
27258,19000000000	0,00000374666
27286,91500000000	0,00000375544
27317,03500000000	0,00000375297
27344,76000000000	0,00000374527
27375,08000000000	0,00000373812
27403,80500000000	0,00000373644
27435,52000000000	0,00000373866
27462,84500000000	0,00000374101
27490,57500000000	0,00000374222
27523,28500000000	0,00000373929
27552,01000000000	0,00000374022
27581,73000000000	0,00000374155
27611,65000000000	0,00000373396
27637,18500000000	0,00000372238
27668,90000000000	0,00000371173
27697,42500000000	0,00000371631
27728,54000000000	0,00000371960
27753,67500000000	0,00000371182
27785,59000000000	0,00000370506
27816,31000000000	0,00000370276
27846,62500000000	0,00000370425
27875,15000000000	0,00000371027
27902,67500000000	0,00000371201
27933,39500000000	0,00000371199
27962,92000000000	0,00000371361
27994,63500000000	0,00000372359
28021,36500000000	0,00000372944
28050,28500000000	0,00000372510
28081,80500000000	0,00000371657
28110,52500000000	0,00000371041
28141,84500000000	0,00000371493
28170,76500000000	0,00000371298
28198,69000000000	0,00000370673
28228,41500000000	0,00000369925
28258,73000000000	0,00000370012
28285,86000000000	0,00000369897
28316,78000000000	0,00000369958
28344,30500000000	0,00000369952
28376,22000000000	0,00000369505
28406,93500000000	0,00000369616
28435,06500000000	0,00000370060
28465,18500000000	0,00000370141
28495,10500000000	0,00000370213
28524,03000000000	0,00000370189
28553,94500000000	0,00000369601
28583,27000000000	0,00000368952
28612,59500000000	0,00000368151
28642,91000000000	0,00000367326
28672,83000000000	0,00000366727
28702,35500000000	0,00000366048
28732,67500000000	0,00000365833
28763,79000000000	0,00000366443
28795,70500000000	0,00000366487
28821,83500000000	0,00000366498
28850,56000000000	0,00000366476
28881,87500000000	0,00000366887
28911,00000000000	0,00000366921
28940,52500000000	0,00000367406
28968,64500000000	0,00000368220
29000,96000000000	0,00000368491
29030,48000000000	0,00000368701
29061,99500000000	0,00000369108
29089,52500000000	0,00000369236
29120,24500000000	0,00000369109
29150,36500000000	0,00000369728
29179,08500000000	0,00000369868
29208,61000000000	0,00000370728
29237,53000000000	0,00000370627
29268,05000000000	0,00000370820
29299,36500000000	0,00000370329
29327,89500000000	0,00000369595
29356,22000000000	0,00000368799
29388,33000000000	0,00000368938
29416,45500000000	0,00000368327
29447,97500000000	0,00000367884
29474,50000000000	0,00000367579
29507,61500000000	0,00000367341
29535,34000000000	0,00000366728
29564,86000000000	0,00000366152
29591,39500000000	0,00000366010
29624,50500000000	0,00000365491
29654,22500000000	0,00000365430
29685,34500000000	0,00000365070
29714,06500000000	0,00000365694
29744,98500000000	0,00000365836
29775,90000000000	0,00000365249
29805,02500000000	0,00000365871
29835,74000000000	0,00000366717
29864,86500000000	0,00000366505
29895,38500000000	0,00000365963
29924,50500000000	0,00000365414
29953,43000000000	0,00000365261
29986,14500000000	0,00000364453
30014,07000000000	0,00000363758
30045,38500000000	0,00000363262
30073,51000000000	0,00000363084
30104,23000000000	0,00000362590
30133,95000000000	0,00000362374
30164,86500000000	0,00000362360
30195,98500000000	0,00000362492
30224,71000000000	0,00000362929
30256,42500000000	0,00000363447
30284,35000000000	0,00000364165
30316,46500000000	0,00000364471
30345,79000000000	0,00000364590
30376,70500000000	0,00000364877
30407,02500000000	0,00000364184
30436,15000000000	0,00000363227
30467,66500000000	0,00000362899
30495,79000000000	0,00000362173
30526,11000000000	0,00000361831
30556,62500000000	0,00000361587
30587,94500000000	0,00000360942
30617,26500000000	0,00000360153
30647,78500000000	0,00000359842
30676,71000000000	0,00000359748
30708,02500000000	0,00000359333
30738,34500000000	0,00000359481
30767,06500000000	0,00000359717
30800,58000000000	0,00000360484
30831,10000000000	0,00000360811
30860,42000000000	0,00000360690
30891,74000000000	0,00000360746
30921,65500000000	0,00000360806
30952,38000000000	0,00000361013
30981,90000000000	0,00000362106
31012,22000000000	0,00000362891
31043,33500000000	0,00000362883
31074,45000000000	0,00000363029
31103,57500000000	0,00000362944
31135,49000000000	0,00000362378
31161,82000000000	0,00000361985
31190,14500000000	0,00000361520
31223,05500000000	0,00000361506
31252,38000000000	0,00000361019
31282,70000000000	0,00000360152
31315,01000000000	0,00000359851
31344,93500000000	0,00000359920
31376,05000000000	0,00000359176
31405,77000000000	0,00000358567
31436,49000000000	0,00000358425
31468,60500000000	0,00000357670
31499,52500000000	0,00000357856
31526,05500000000	0,00000357940
31557,97000000000	0,00000357308
31590,08000000000	0,00000356968
31622,39500000000	0,00000356597
31652,91500000000	0,00000357000
31683,23500000000	0,00000357553
31712,75500000000	0,00000357621
31744,07500000000	0,00000357467
31775,99000000000	0,00000358378
31805,51000000000	0,00000358417
31836,82500000000	0,00000357772
31867,14500000000	0,00000357194
31893,27500000000	0,00000356349
31924,59500000000	0,00000355703
31956,51000000000	0,00000355199
31986,63000000000	0,00000354655
32020,14000000000	0,00000353624
32050,65500000000	0,00000352964
32080,38000000000	0,00000352243
32112,69500000000	0,00000351905
32143,41500000000	0,00000352009
32175,13000000000	0,00000352101
32206,24500000000	0,00000352453
32238,36000000000	0,00000352451
32269,28000000000	0,00000352191
32300,19500000000	0,00000352288
32331,31500000000	0,00000352534
32362,23500000000	0,00000352695
32394,14500000000	0,00000353048
32425,46500000000	0,00000353535
32454,58500000000	0,00000353725
32484,50500000000	0,00000353725
32513,43000000000	0,00000353728
32546,54000000000	0,00000353541
32577,66000000000	0,00000353656
32607,97500000000	0,00000353524
32638,69500000000	0,00000353397
32671,20500000000	0,00000353183
32702,52500000000	0,00000352711
32733,64500000000	0,00000352332
32764,96000000000	0,00000352278
32795,48000000000	0,00000351955
32826,59500000000	0,00000351344
32857,31500000000	0,00000350429
32889,43000000000	0,00000350310
32921,34500000000	0,00000350070
32951,46500000000	0,00000349509
32982,78000000000	0,00000348881
33012,30500000000	0,00000348661
33044,82000000000	0,00000348516
33077,93000000000	0,00000348131
33106,05500000000	0,00000347828
33138,57000000000	0,00000347915
33171,28000000000	0,00000348199
33202,79500000000	0,00000348904
33233,31500000000	0,00000348898
33265,03000000000	0,00000349278
33297,74500000000	0,00000349583
33329,06000000000	0,00000349054
33359,98000000000	0,00000349364
33390,70000000000	0,00000349474
33421,01500000000	0,00000349411
33456,32500000000	0,00000349391
33483,85000000001	0,00000349621
33516,56500000000	0,00000348995
33549,47500000001	0,00000348040
33577,60500000000	0,00000347139
33609,11500000000	0,00000346121
33640,83500000000	0,00000345066
33671,95500000000	0,00000344959
33702,87000000000	0,00000343904
33736,78000000000	0,00000343731
33768,29500000000	0,00000343536
33801,80500000000	0,00000343281
33833,92000000000	0,00000343402
33865,83500000000	0,00000343215
33896,55500000000	0,00000343158
33928,26500000000	0,00000342833
33961,18000000000	0,00000343281
33992,70000000000	0,00000343557
34023,81500000000	0,00000343556
34055,53000000000	0,00000342995
34090,44000000000	0,00000342750
34121,35500000000	0,00000342619
34152,27499999999	0,00000342719
34182,19500000000	0,00000342751
34213,91000000000	0,00000342184
34247,62000000000	0,00000341801
34279,93500000000	0,00000341911
34310,05500000000	0,00000342082
34343,36500000001	0,00000341579
34375,28500000000	0,00000340994
34407,39500000000	0,00000340298
34441,30500000000	0,00000340143
34472,42500000000	0,00000340109
34505,33500000001	0,00000339848
34537,25500000000	0,00000340250
34571,16000000000	0,00000340935
34602,48000000000	0,00000341043
34634,39500000000	0,00000341168
34667,10500000000	0,00000341252
34699,62000000000	0,00000340933
34730,34000000000	0,00000341165
34761,65500000000	0,00000341447
34794,37000000000	0,00000341567
34828,27500000000	0,00000341064
34860,19500000000	0,00000340476
34893,30500000000	0,00000340266
34921,83000000000	0,00000340118
34953,54500000000	0,00000340065
34985,06500000000	0,00000339978
35018,37500000000	0,00000339974
35051,88499999999	0,00000339730
35084,60000000000	0,00000339222
35114,91500000000	0,00000338599
35146,03500000000	0,00000337839
35179,54500000000	0,00000337260
35214,05500000000	0,00000337554
35245,97000000000	0,00000337729
35279,08500000000	0,00000337162
35311,59500000000	0,00000335841
35344,50500000000	0,00000335198
35377,42000000000	0,00000334870
35409,93500000000	0,00000334385
35439,85500000000	0,00000334103
35473,76500000000	0,00000333648
35506,08000000000	0,00000333454
35540,58500000001	0,00000333446
35570,11000000000	0,00000333496
35604,61500000000	0,00000333194
35639,32500000000	0,00000333010
35671,63500000000	0,00000333204
35703,35500000000	0,00000333752
35736,66500000000	0,00000334459
35768,38000000000	0,00000334129
35802,49000000000	0,00000333444
35835,20500000000	0,00000333452
35868,11500000001	0,00000333525
35901,42500000000	0,00000333267
35934,74000000000	0,00000333407
35965,85500000000	0,00000333388
36000,76500000000	0,00000332867
36035,07000000000	0,00000332331
36067,38500000000	0,00000331957
36095,71000000001	0,00000331404
36129,62500000000	0,00000331283
36160,74000000001	0,00000331047
36195,04500000000	0,00000330771
36230,55500000000	0,00000330641
36264,26500000000	0,00000330008
36296,77500000000	0,00000329434
36330,88499999999	0,00000328946
36363,60000000000	0,00000328487
36395,51500000000	0,00000328014
36430,62000000000	0,00000328071
36463,33500000000	0,00000328123
36496,44500000000	0,00000327449
36530,35500000000	0,00000326611
36563,66500000000	0,00000326085
36599,57500000000	0,00000325871
36633,28500000000	0,00000325290
36667,19500000000	0,00000325125
36695,71500000000	0,00000324620
36730,82500000000	0,00000324463
36764,93500000000	0,00000324299
36797,64500000000	0,00000324423
36831,95500000000	0,00000324404
36866,86500000000	0,00000324481
36900,17500000000	0,00000324664
36935,08000000000	0,00000324482
36968,39000000000	0,00000324350
37002,50500000000	0,00000323869
37035,21500000000	0,00000323876
37071,12000000000	0,00000323615
37102,63500000000	0,00000323260
37136,54500000000	0,00000322790
37171,65500000000	0,00000322893
37207,55500000000	0,00000322466
37240,47000000000	0,00000321808
37273,18500000000	0,00000321227
37309,48500000000	0,00000320742
37344,19500000000	0,00000320349
37376,90500000000	0,00000320389
37410,41500000000	0,00000319953
37445,32500000000	0,00000319501
37480,63000000000	0,00000318827
37512,14500000000	0,00000318524
37545,46000000000	0,00000318173
37580,96500000000	0,00000317667
37615,67000000000	0,00000316643
37652,37500000000	0,00000316417
37685,28500000000	0,00000315734
37719,79500000000	0,00000315260
37754,90500000000	0,00000314861
37790,00999999999	0,00000314476
37823,91500000000	0,00000314155
37860,42500000000	0,00000313808
37894,73000000000	0,00000313660
37931,83000000000	0,00000313148
37965,14500000000	0,00000312861
38000,25000000000	0,00000312677
38035,75500000000	0,00000312190
38070,86500000000	0,00000311344
38105,97000000000	0,00000310324
38138,28500000000	0,00000309388
38172,99000000001	0,00000308573
38210,29000000000	0,00000307831
38244,80500000000	0,00000306965
38281,70500000000	0,00000306168
38317,80500000000	0,00000305624
38354,90500000000	0,00000305024
38390,21500000000	0,00000304601
38424,72500000000	0,00000304134
38460,22500000001	0,00000303908
38497,92500000000	0,00000303549
38534,83000000000	0,00000303164
38569,73500000000	0,00000302453
38606,83500000000	0,00000301468
38643,54500000000	0,00000300146
38680,64000000000	0,00000298847
38716,34500000000	0,00000297556
38753,44500000000	0,00000296151
38787,35500000000	0,00000294846
38824,65500000000	0,00000293309
38862,16000000000	0,00000291810
38899,86000000000	0,00000290625
38938,15500000000	0,00000289631
38977,85500000000	0,00000288838
39015,75500000000	0,00000288028
39052,25500000000	0,00000287359
39092,34500000000	0,00000286108
39131,24500000000	0,00000284923
39169,34500000000	0,00000283357
39205,84500000000	0,00000281717
39243,94500000000	0,00000279859
39284,43500000000	0,00000277471
39322,73500000000	0,00000274983
39366,22000000000	0,00000272692
39403,92000000000	0,00000269604
39448,00500000000	0,00000265987
39483,90500000000	0,00000263049
39526,19500000000	0,00000259962
39567,88499999999	0,00000256836
39611,56500000000	0,00000253070
39652,46000000000	0,00000248960
39697,93500000000	0,00000244446
39745,41500000000	0,00000239773
39788,09500000000	0,00000234695
39834,57500000000	0,00000229235
39882,44500000000	0,00000223458
39933,31500000000	0,00000217801
39985,17500000000	0,00000211986
40033,84500000000	0,00000206025
40087,70500000000	0,00000199814
40144,55000000000	0,00000193575
40201,80000000000	0,00000187533
40260,84500000000	0,00000181589
40319,08500000000	0,00000175676
40381,92500000000	0,00000169866
40447,54500000000	0,00000164264
40517,96000000000	0,00000158796
40585,17999999999	0,00000153006
40659,58500000000	0,00000147533
40733,39000000000	0,00000142085
40803,80000000000	0,00000137203
40880,79500000000	0,00000131793
40965,77000000000	0,00000126462
41051,34000000000	0,00000121353
41150,87500000000	0,00000116071
41241,43500000000	0,00000110992
41339,57500000000	0,00000106006
41442,70000000000	0,00000101105
41549,62000000000	0,00000096236
41663,91499999999	0,00000091302
41782,99500000000	0,00000086296
41915,24500000000	0,00000081294
42045,89999999999	0,00000076402
42183,73000000000	0,00000071568
42331,74000000000	0,00000066436
42496,30000000000	0,00000061335
42668,24500000000	0,00000055984
42860,73500000000	0,00000050644
43045,04500000000	0,00000045720
43258,67500000000	0,00000040340
43491,45500000000	0,00000034622
43777,10000000001	0,00000028701
44073,11000000000	0,00000022821
44440,34000000000	0,00000017945
44853,64000000000	0,00000013268
45364,28000000000	0,00000009660
45951,12000000000	0,00000007240
46825,19500000000	0,00000005670
48015,23500000000	0,00000004418
49621,16500000000	0,00000003448
