     0,00 24.50398
     0,00 24.50398
     0,00 24.50398
     0,00 24.50398
     0,00 24.50398
     0,00 24.50398
     0,00 24.50398
     0,00 24.50398
     0,00 24.50398
     0,00 24.50398
     0,00 24.50398
     0,00 24.50398
     0,00 24.50398
     0,00 24.50398
     0,00 24.50398
     0,00 24.50398
     0,00 24.50398
     0,00 24.50398
     0,00 24.50398
     0,00 24.50398
     0,01 24.50398
     0,01 24.50398
     0,01 24.50398
     0,01 24.50398
     0,01 24.50398
     0,01 24.50398
     0,01 24.50398
     0,01 24.50398
     0,01 24.50398
     0,01 24.50398
     0,01 24.50398
     0,01 24.50398
     0,01 24.50398
     0,01 24.50398
     0,01 24.50398
     0,01 24.50398
     0,01 24.50398
     0,01 24.50398
     0,01 24.50398
     0,01 24.50398
     0,01 24.50398
     0,01 24.50398
     0,01 24.50398
     0,01 24.50398
     0,01 24.50398
     0,01 24.50398
     0,01 24.50398
     0,01 24.50398
     0,01 24.50398
     0,01 24.50398
     0,01 24.50398
     0,01 24.50398
     0,01 24.50398
     0,01 24.50398
     0,01 24.50398
     0,01 24.50398
     0,01 24.50398
     0,01 24.50398
     0,01 24.50398
     0,01 24.50398
     0,01 24.50398
     0,01 24.50398
     0,01 24.50398
     0,01 24.50398
     0,01 24.50398
     0,01 24.50398
     0,01 24.50398
     0,01 24.50398
     0,12 24.50398
     0,32 24.50398
     0,52 24.50398
     0,72 24.50398
     0,92 24.50398
     1,12 24.50398
     1,32 24.50398
     1,52 24.50398
     1,72 24.50398
     1,92 24.50398
     2,12 24.50398
     2,32 24.50398
     2,52 24.50398
     2,72 24.50398
     2,92 24.50398
     3,12 24.50398
     3,32 24.50398
     3,52 24.50398
     3,72 24.50398
     3,92 24.50398
     4,12 24.50398
     4,32 24.50398
     4,52 24.50398
     4,72 24.50398
     4,92 24.50398
     5,12 24.50398
     5,32 24.50398
     5,52 24.50398
     5,72 24.50398
     5,92 24.50398
     6,12 24.50398
     6,32 24.50398
     6,52 24.50398
     6,72 24.50398
     6,92 24.50398
     7,12 24.50398
     7,32 24.50398
     7,52 24.50398
     7,72 24.50398
     7,92 24.50398
     8,12 24.50398
     8,32 24.50398
     8,52 24.50398
     8,72 24.50398
     8,92 24.50398
     9,12 24.50398
     9,32 24.50398
     9,52 24.50398
     9,72 24.50398
     9,92 24.50398
    10,12 24.50398
    10,32 24.50398
    10,52 24.50398
    10,72 24.50398
    10,92 24.50398
    11,12 24.50398
    11,32 24.50398
    11,52 24.50398
    11,72 24.50398
    11,92 24.50398
    12,12 24.50398
    12,32 24.50398
    12,52 24.50398
    12,72 24.50398
    12,92 24.50398
    13,12 24.50398
    13,32 24.50398
    13,52 24.50398
    13,72 24.50398
    13,92 24.50398
    14,12 24.50398
    14,32 24.50398
    14,52 24.50398
    14,72 24.50398
    14,92 24.50398
    15,12 24.50398
    15,32 24.50398
    15,52 24.50398
    15,72 24.50398
    15,92 24.50398
    16,12 24.50398
    16,32 24.50398
    16,51 24.50398
    16,72 24.50398
    16,92 24.50398
    17,12 24.50398
    17,32 24.50398
    17,52 24.50398
    17,72 24.50398
    17,92 24.50398
    18,12 24.50398
    18,32 24.50398
    18,52 24.50398
    18,72 24.50398
    18,92 24.50398
    19,12 24.50398
    19,32 24.50398
    19,52 24.50398
    19,73 24.50398
    19,92 24.50398
    20,12 24.50398
    20,32 24.50398
    20,52 24.50398
    20,72 24.50398
    20,92 24.50398
    21,12 24.50398
    21,32 24.50398
    21,52 24.50398
    21,72 24.50398
    21,92 24.50398
    22,12 24.50398
    22,32 24.50398
    22,52 24.50398
    22,72 24.50398
    22,92 24.50398
    23,12 24.50398
    23,32 24.50398
    23,52 24.50398
    23,72 24.50398
    23,92 24.50398
    24,12 24.50398
    24,32 24.50398
    24,52 24.50398
    24,72 24.50398
    24,92 24.50398
    25,12 24.50398
    25,32 24.50398
    25,52 24.50398
    25,72 24.50398
    25,92 24.50398
    26,12 24.50398
    26,32 24.50398
    26,52 24.50398
    26,72 24.50398
    26,92 24.50398
    27,12 24.50398
    27,32 24.50398
    27,52 24.50398
    27,72 24.50398
    27,92 24.50398
    28,12 24.50398
    28,32 24.50398
    28,52 24.50398
    28,72 24.50398
    28,92 24.50398
    29,12 24.50398
    29,32 24.50398
    29,52 24.50398
    29,72 24.50398
    29,92 24.50398
    30,12 24.50398
    30,32 24.50398
    30,52 24.50398
    30,72 24.50398
    30,92 24.50398
    31,12 24.50398
    31,32 24.50398
    31,52 24.50398
    31,72 24.50398
    31,92 24.50398
    32,12 24.50398
    32,32 24.50398
    32,52 24.50398
    32,72 24.50398
    32,92 24.50398
    33,12 24.50398
    33,32 24.50398
    33,52 24.50398
    33,72 24.50398
    33,92 24.50398
    34,12 24.50398
    34,32 24.50398
    34,52 24.50398
    34,72 24.50398
    34,92 24.50398
    35,12 24.50398
    35,32 24.50398
    35,52 24.50398
    35,72 24.50398
    35,92 24.50398
    36,12 24.50398
    36,32 24.50398
    36,52 24.50398
    36,72 24.50398
    36,92 24.50398
    37,12 24.50398
    37,32 24.50398
    37,52 24.50398
    37,72 24.50398
    37,94 24.50398
    38,12 24.50398
    38,32 24.50398
    38,52 24.50398
    38,72 24.50398
    38,92 24.50398
    39,12 24.50398
    39,32 24.50398
    39,52 24.50398
    39,72 24.50398
    39,92 24.50398
    40,12 24.50398
    40,32 24.50398
    40,52 24.50398
    40,72 24.50398
    40,92 24.50398
    41,12 24.50398
    41,32 24.50398
    41,52 24.50398
    41,72 24.50398
    41,92 24.50398
    42,12 24.50398
    42,32 24.50398
    42,52 24.50398
    42,72 24.50398
    42,92 24.50398
    43,12 24.50398
    43,32 24.50398
    43,52 24.50398
