0,958376789
0,973979509
1,095326006
1,405548794
1,449905238
1,651332539
1,985434937
1,990264428
2,120645909
2,200431866
2,240689898
2,415917514
2,565598445
2,605851479
2,673607605
2,681757694
2,720686575
2,746696439
2,871505451
3,056578683
3,131595213
3,217502554
3,289117644
3,417537501
3,495629402
3,570349171
3,660860452
3,691312642
3,703297364
3,737299781
3,874304954
3,901963108
3,910989930
3,940875750
3,947639047
3,955528012
4,005077771
4,019704924
4,062428419
4,071416617
4,089947946
4,104541905
4,116886184
4,162629998
4,170240710
4,200659524
4,256327608
4,274013149
4,312947524
4,323391356
4,340667688
4,401395297
4,412274660
4,470342562
4,507360290
4,509228410
4,583734632
4,627233047
4,680341368
4,721744062
4,781206298
4,812113577
4,895474796
4,967380205
5,016899659
5,117150192
5,242730902
5,302412518
5,389196477
5,576904060
5,672380876
5,882890009
6,244301854
6,490120771
6,808785229
7,238232183
7,771464479
8,548293995
9,535501232
10,702162485
11,950458326
14,051784339
19,122938766
20,878874679
26,965461226
